Dens	Pres
2.03399	25.1764
2.00639	24.5353
1.99565	24.4842
1.98831	24.3561
2.01513	24.9704
1.93799	23.3897
1.82325	20.9549
1.95559	23.7757
1.94079	23.4675
1.71853	18.8399
1.62435	17.0078
1.90606	22.7599
1.25188	9.60371
2.1096	27.0044
1.68092	18.2993
1.6134	16.4142
2.01622	24.8732
2.00392	24.6281
2.06458	25.8579
1.8935	22.3555
1.07549	5.73088
0.77532	-0.6924
1.42206	12.7429
1.56684	15.8663
0.896421	2.05007
1.86764	22.1758
1.6345	17.2378
1.61389	16.8246
1.61602	16.9959
2.14583	27.7942
1.11573	6.50725
1.63708	16.902
2.02724	25.1125
2.04717	25.5135
1.75635	19.5444
1.95957	23.8826
1.95146	23.7015
1.95344	23.7245
1.96707	24.0476
1.97852	24.2469
1.87614	22.1146
1.8833	22.2879
1.9861	24.4179
2.15796	28.0795
1.97501	24.4021
1.68563	18.0879
1.98015	24.13
2.0727	26.0846
2.06112	25.8402
2.04651	25.5339
1.96867	24.0335
1.9608	23.8832
1.46281	13.6604
1.68706	18.4433
1.93791	23.442
1.93359	23.2962
1.8637	21.856
1.92849	23.2197
2.09046	26.5936
2.22892	29.5366
0.86467	1.34273
1.51195	14.5858
1.98306	24.1735
2.04473	25.4778
0.931308	2.58561
1.35354	11.3765
1.60765	16.6082
1.68178	18.2807
1.32234	10.9297
1.71374	19.0282
1.72481	19.1688
1.91105	22.8358
1.94085	23.5078
2.16757	28.314
1.68441	18.1148
0.992413	3.9856
1.27691	9.68667
1.46217	13.4621
2.09011	26.3
1.87638	22.0313
0.844925	0.800997
0.930571	2.80706
1.58483	16.2499
1.82561	21.2877
0.918303	2.40512
0.976253	3.59891
1.8327	21.3428
1.59803	16.3878
0.764757	-0.582745
1.82106	21.186
1.07657	5.68049
2.02476	25.045
1.81994	20.9043
1.57185	15.7851
1.41246	12.4819
2.07001	26.031
1.43062	13.0798
1.09242	5.97078
0.937229	3.14202
1.54405	15.4798
1.45358	13.6513
1.9006	22.7439
1.88316	22.5371
1.74907	19.627
1.19576	8.2176
1.32443	10.6115
1.10143	6.12418
1.19887	8.20458
1.76736	19.7856
2.02821	25.2023
0.897057	1.86722
1.52617	14.9208
1.02113	4.5077
1.61176	16.8427
1.73406	19.3537
1.78244	20.4185
1.49173	14.3531
1.76604	19.8864
1.38763	12.1269
1.76044	19.8554
0.981456	3.74979
1.71944	18.7433
1.25866	9.5367
1.19658	7.97374
1.39788	12.2153
0.944668	2.86689
0.812141	0.388318
0.888874	1.81759
0.911822	2.48371
1.25334	9.37704
1.61072	16.8172
1.89128	22.7347
1.75207	19.6971
2.02839	25.583
0.948345	3.13322
1.43316	12.963
0.921013	2.60085
1.06397	5.49622
1.75261	19.5688
1.60964	16.5131
0.948502	3.01226
1.86612	21.6843
1.3386	10.9919
1.53169	15.2367
1.26395	9.72614
1.39169	12.5665
1.67353	18.0305
0.957015	3.36952
1.87276	22.2097
1.31561	10.6882
0.882658	1.83907
1.19728	8.15979
1.3696	11.5691
1.20278	8.39817
1.43897	12.9657
1.02442	4.57452
1.18936	7.95661
1.07611	5.79351
0.97261	3.73361
0.818944	0.0857221
1.71861	19.0212
1.7411	19.5173
0.908864	2.11427
1.71276	18.745
2.04008	25.7931
1.10638	6.2223
0.955799	3.27003
1.05956	5.30473
1.24705	9.29563
1.46913	13.7895
0.882506	1.78539
0.881935	1.47033
1.17029	7.65885
1.18087	7.75883
1.09456	5.92583
1.13375	7.00711
1.2192	8.90369
1.38933	12.2251
1.55354	15.5396
0.842377	0.91517
1.59097	16.2052
0.913762	2.23862
1.0053	4.21518
0.781174	-0.45777
1.03273	4.75703
1.02666	4.61725
0.958599	3.27362
1.10652	6.39684
0.90983	2.30985
1.02649	4.55032
1.20775	8.37149
1.28856	10.4362
0.704795	-2.11799
0.827999	0.587642
1.85805	21.9229
1.98249	24.2252
0.993738	3.7428
1.27605	9.71647
1.12765	6.59066
1.14631	6.91545
1.11146	6.23072
1.32628	10.7165
0.885694	1.66705
1.00062	3.9662
1.36869	11.9094
0.786817	-0.339485
0.977299	3.67222
1.07731	5.61038
1.08791	6.01716
1.07816	5.841
1.14862	7.06864
1.3289	10.6972
1.08809	5.80693
1.00663	4.20016
1.22491	8.52747
0.903237	2.09982
1.26546	9.60469
0.997585	4.07276
0.706137	-1.9413
0.712268	-1.60452
1.24046	9.25111
1.52052	14.9128
1.46072	13.7292
1.29195	10.1932
1.87484	22.2904
1.98099	24.0842
2.03846	25.464
1.97257	24.0731
1.90264	22.4788
1.93391	23.244
1.57675	15.9347
1.60848	16.6936
1.35072	11.3013
1.5977	16.2684
1.47553	13.975
1.53435	15.2015
1.53191	15.2689
1.71844	19.0537
1.52893	14.9592
2.24482	29.9067
1.99523	24.4628
2.2583	29.8329
2.00688	24.7036
1.92555	23.0781
1.76063	19.6058
1.97466	24.0906
1.72197	18.8191
1.58314	15.9199
1.39041	12.5168
1.46398	13.7243
1.29228	10.3481
1.58722	16.1976
1.28455	10.1894
1.63655	17.279
1.86854	22.0573
1.40593	12.3169
2.06296	25.9333
1.32537	10.9045
1.89752	22.4436
1.94712	23.5115
1.80996	20.6622
1.72215	18.8948
1.69603	18.2037
1.89793	22.4485
1.59333	16.3219
1.54932	15.4849
1.3358	11.3296
1.61821	16.9646
1.44744	13.3753
1.92109	23.1755
1.48849	14.0298
1.48092	13.9184
2.02111	25.0151
2.02876	25.1619
1.55149	15.4121
1.99797	24.6118
1.67026	17.8918
1.51246	14.6158
1.63638	17.3194
1.94783	23.5792
1.64901	17.5661
1.80051	20.4698
1.66283	17.9409
1.66784	18.1125
2.12972	27.4968
1.7434	19.2425
1.98061	24.1642
1.14157	7.1494
1.96511	23.8353
2.00242	24.6629
1.87011	22.019
1.08503	5.74356
1.80671	20.7563
1.73524	19.323
1.29371	10.4615
1.37767	12.0699
0.617213	-3.7843
1.45656	13.6435
0.803336	0.176247
1.63358	17.087
1.34274	11.0661
1.99426	24.4005
1.61227	16.4443
2.0137	24.7558
2.0568	25.6849
2.17612	28.0462
1.83257	21.1701
1.71747	19.0548
1.5884	16.3969
1.90377	22.898
1.76053	19.8604
2.07131	26.1681
2.00329	25.0481
1.636	17.2621
2.15583	28.071
1.83974	21.2402
1.79127	20.2082
2.04756	25.5513
2.06369	25.8344
2.22322	28.9914
1.95172	23.7307
0.938627	2.96092
1.60038	16.7852
1.4088	12.7207
1.61697	16.7616
1.57018	15.8031
1.67111	18.0024
1.69815	18.4275
1.96234	24.2843
1.77808	20.1804
0.96066	3.271
2.03606	25.269
1.13936	6.97447
1.48103	13.9834
2.03814	25.4197
2.1869	28.3546
1.33207	10.9562
1.32535	10.9218
0.865809	1.17117
1.58344	16.1598
1.53328	15.129
1.56358	15.772
1.02108	4.64616
1.21349	8.48445
0.818064	0.52075
1.90281	22.5271
1.29388	10.0884
1.54662	15.2206
1.43326	12.8003
1.73282	18.9752
2.18735	28.3714
1.8635	21.7956
1.24443	9.07483
1.31021	10.4517
1.63489	17.4242
1.23213	9.05342
2.13701	27.5934
2.15301	27.9658
2.02955	25.2892
1.96727	24.1971
0.828211	0.665583
1.99249	24.2059
0.84807	0.921572
1.60291	16.3426
1.95852	23.8064
1.82412	20.9504
1.67447	17.9688
1.38495	12.1062
1.43699	13.324
1.40129	12.6156
1.65089	17.5324
1.92402	23.3954
1.56084	15.6388
1.6974	18.5284
2.22139	29.6955
1.06335	5.39217
1.12633	6.5513
0.976151	3.61882
1.65625	17.5118
2.34831	31.6445
1.85588	21.7226
1.12307	6.684
1.57446	15.9163
1.66428	17.8234
1.53349	15.3158
1.34217	11.422
1.76562	19.8768
0.844446	0.826409
1.80755	20.8164
1.71731	18.8953
1.38314	11.8761
1.85014	21.5384
2.37914	32.4914
2.3635	32.0256
2.01144	24.8666
1.57124	15.7294
1.8041	20.582
1.56766	15.8441
1.54473	15.4794
0.667995	-2.55418
1.44907	13.5742
1.75915	19.9147
1.57308	16.1063
1.8607	22.1569
0.923835	2.70338
0.754826	-0.983067
1.97254	23.9707
1.82338	20.9471
1.9786	24.1451
0.881657	1.71083
1.39116	12.1935
0.996653	4.02418
1.67604	18.0875
1.546	15.284
1.60003	16.463
1.19138	8.10003
1.34333	11.3587
1.32227	11.1133
1.61123	16.7517
0.913024	2.42628
1.24563	9.08859
1.47909	13.9017
0.869613	1.48973
1.98459	24.098
1.72851	19.086
2.2628	29.9083
0.988901	3.86124
1.51286	14.7771
1.1562	7.23827
1.48638	14.1655
1.56569	15.9917
0.891459	1.94801
1.39727	12.3353
1.67138	18.1008
1.68572	18.4503
1.64578	17.1753
1.86274	21.4995
1.28806	10.0622
1.90275	22.3343
2.23214	29.3169
1.52333	14.9054
1.67461	17.9301
1.19837	8.24873
0.890123	1.85977
0.66909	-2.73654
1.42559	13.255
1.35377	11.563
1.42089	13.0632
1.29263	10.4257
1.26782	9.66048
2.33886	31.5958
1.90085	22.6061
1.90085	22.5018
1.79725	20.3869
1.83595	21.1349
1.82373	20.8476
1.74849	19.3577
1.35637	11.6732
1.37953	11.9289
1.29464	10.4313
1.50942	14.5296
1.52393	14.8231
1.48659	14.2692
1.27048	9.85646
1.77202	20.0288
2.0267	25.2073
2.02606	25.0846
1.89283	22.2871
2.0036	24.7517
1.02829	4.57659
1.75632	19.5642
1.69294	18.2051
1.53093	15.0307
1.27294	10.0506
1.38876	12.2838
1.86616	22.0778
1.24196	9.72749
1.50634	14.5864
1.6099	16.8634
1.52207	15.0082
1.95616	23.6971
1.30124	10.2732
2.31396	30.9637
1.99751	24.5799
1.87865	22.0986
1.66272	17.7336
1.68674	18.2096
1.21558	8.55149
0.687583	-2.40266
0.971962	3.51904
0.943353	2.98858
1.31026	10.8735
1.68773	18.3021
0.876291	1.3845
1.99643	24.7847
1.52815	14.8714
2.088	26.3891
1.81459	20.7973
1.01365	4.50951
1.53199	15.0165
1.7595	19.8071
1.08656	5.92225
1.72874	19.2125
1.08745	5.73332
1.4943	14.5436
1.49655	14.4791
1.46432	14.0575
1.49954	14.4992
1.57178	15.9613
1.72784	19.1707
1.47836	13.887
1.94754	23.4877
1.82917	20.9288
0.9245	2.58101
1.92283	22.9667
0.87219	1.51656
1.30336	10.1706
0.858041	1.37985
0.931307	2.76483
0.96594	3.66911
1.63853	17.3534
1.19006	8.15273
1.37537	12.0161
1.54047	15.2354
1.68553	18.3136
1.39289	12.1476
1.50949	14.3895
2.05962	25.7507
1.31287	10.52
2.02778	25.2357
1.15284	7.11623
1.93649	23.2445
0.921372	2.54961
0.948793	3.03898
1.71286	18.7216
1.14596	7.08828
1.76566	20.026
1.83599	21.2991
1.91396	23.0203
1.84476	21.6486
1.16409	7.50697
1.53101	14.843
2.24353	29.8213
2.25374	29.4421
0.863756	1.53461
0.770471	-0.697733
1.47972	13.934
1.67956	18.0071
1.58403	15.9297
1.51629	14.8441
1.45416	13.5624
1.36152	11.7569
1.42023	12.8299
1.67429	17.9789
1.66862	17.9405
1.06638	5.37193
0.981257	3.78954
2.02665	25.137
1.09688	6.00684
1.39625	12.1637
0.838345	0.697987
2.00312	24.5842
1.49741	14.4756
1.14738	7.23669
1.94484	23.5409
1.2846	10.3091
1.09864	6.30054
1.50258	14.3951
1.74476	19.5278
1.8455	21.8332
1.30434	10.2862
1.70716	18.5437
2.25035	29.5502
0.823067	0.369444
1.70097	18.4962
1.14759	7.15099
0.983516	4.07696
1.43767	12.9395
1.98404	24.3514
1.58109	16.2864
1.45734	13.7244
1.53096	15.2109
1.3521	11.715
1.9422	23.671
1.70235	18.6524
0.798975	0.0847946
0.924396	2.55729
1.28702	9.78784
2.02303	25.0137
0.93098	2.70686
0.708424	-1.8431
1.08573	5.85568
2.14523	27.4649
0.754292	-0.875044
1.51045	14.8738
1.33649	11.1417
1.33672	11.286
1.63544	17.305
1.42335	12.8893
1.60457	16.5671
0.982385	3.73493
1.07816	5.74352
1.76512	19.9843
1.16795	7.46486
1.82369	20.8712
1.43309	12.9304
1.69036	18.1878
1.08345	5.87759
1.39954	12.493
0.715797	-1.79017
1.01239	4.3288
1.57852	16.1545
1.634	17.2694
1.7757	20.2839
1.79753	20.7614
0.863643	1.34037
1.79966	20.8018
0.96155	3.27385
1.96473	23.9474
1.85134	21.4423
1.80939	20.7123
1.54085	15.0981
0.800762	0.119435
1.12388	6.64586
1.59585	16.6371
1.29586	10.4371
1.64155	17.5226
1.67757	18.0199
1.66316	17.6986
1.7089	18.6548
2.29769	30.7642
2.15049	27.5074
1.36278	11.6316
1.23528	9.15206
1.22278	8.79111
1.74983	19.2873
0.997268	3.8982
0.911213	2.29717
1.07897	6.02836
1.39901	12.4557
1.31641	10.7243
1.41349	12.894
1.54161	15.6001
1.76248	19.9109
1.47508	14.0164
1.73544	18.9908
2.03028	25.2566
1.43325	13.0626
1.93905	23.2271
1.76042	19.5609
1.49834	14.3017
1.65324	17.5754
1.5132	14.6688
1.33437	11.1036
1.35817	11.6554
1.80178	20.732
1.38079	12.121
0.612994	-3.76526
1.46255	13.9117
0.988734	4.03821
2.07074	26.0931
2.34269	31.5406
2.16478	28.003
1.22409	8.75036
2.27644	30.0742
0.906977	2.26168
1.10804	6.31227
0.867487	1.36527
1.07336	5.70767
0.839764	0.778799
1.03028	5.15405
1.56277	15.8445
1.24657	9.34664
0.981402	4.00823
1.47187	14.0475
1.64114	17.1977
2.90866	43.1773
1.88364	22.2311
1.73422	19.0718
1.355	11.4402
1.39093	12.4687
1.64978	17.2786
1.52646	15.2395
1.39302	12.2708
1.71797	18.7395
1.28272	10.1996
1.72815	19.2362
1.49726	14.4312
1.65296	17.6856
1.7389	19.3285
1.77409	19.9591
2.28123	30.449
1.92337	23.0204
1.5091	14.6402
1.88954	22.1495
1.73027	19.0298
1.68797	18.2308
1.24807	9.53973
1.44173	13.3798
1.5584	15.5613
1.34071	11.2605
1.54461	15.2005
1.66202	17.7798
1.00741	4.18375
1.71003	18.6516
1.57636	15.8817
2.47979	34.3459
1.70925	18.5727
1.76487	19.6261
1.72675	18.9025
1.47564	13.928
1.64138	17.2358
1.15419	7.33482
1.48026	14.2221
1.70222	18.4888
1.62888	17.1466
1.27992	10.013
1.27053	9.85663
1.45554	13.4875
0.831295	0.597821
1.4606	13.5871
1.5164	14.6598
1.05165	5.01898
1.54658	15.2529
1.74453	19.2309
1.39411	12.225
1.01706	4.07877
0.668229	-2.89244
0.653967	-3.19878
0.803347	0.205128
1.24256	9.34345
0.994579	3.98344
1.08767	5.78176
1.58694	16.3368
1.66809	17.8696
1.94721	23.5441
1.25366	9.34615
0.835908	0.749399
1.8643	21.5331
2.01094	24.755
1.80376	20.6274
1.86568	21.5763
1.28398	9.78466
0.70478	-1.94643
1.64783	17.6006
1.04101	5.13585
1.36622	11.8524
1.66463	17.993
1.1542	7.35067
1.7464	19.3752
1.65563	17.6072
1.89482	22.5627
0.924971	2.38973
1.04923	5.16887
1.00207	4.03392
1.95534	23.5636
1.10466	6.09114
1.22592	8.73316
1.21484	8.47789
1.64814	17.3863
1.41041	12.6912
1.31612	11.0701
1.07427	5.79274
1.6315	17.1981
1.65546	17.6597
0.901832	2.07531
1.53351	14.9941
1.95897	23.8225
1.81015	20.5989
1.87344	21.9133
1.04804	5.07927
1.02058	4.50183
1.34554	11.5318
1.22858	9.04508
0.821692	0.505138
1.51427	14.8789
1.59784	16.4907
0.976022	3.75301
1.85045	21.8897
1.69067	18.272
1.10909	6.39226
2.28724	30.8738
1.40101	12.2723
1.80418	20.5269
0.938372	2.88882
1.53096	14.9996
1.97273	23.6716
1.09199	5.8841
0.984274	3.81597
1.13381	6.98288
1.48314	14.1237
1.38408	12.0398
0.738982	-1.33799
1.71863	18.8545
1.71293	18.8022
1.12592	6.67831
1.35241	11.2772
0.971296	3.46779
1.17776	7.69949
2.2744	30.2696
1.40267	12.3633
1.61274	16.5222
1.70516	18.7412
1.18313	7.71577
1.57954	16.2041
1.35751	11.6546
1.63149	17.2626
1.7641	19.9632
1.9451	23.7008
1.73729	19.4506
0.808912	0.209391
1.17609	7.62409
0.926098	2.49609
2.12353	27.08
1.43245	12.8061
0.963012	3.36324
1.61626	16.8126
1.57208	16.0631
1.09837	6.36329
1.27121	9.84406
1.03993	5.11835
1.38964	12.5085
1.20998	8.60912
1.5974	16.4781
1.60404	16.4723
0.809219	0.196059
1.908	22.6533
1.62505	16.8526
1.96373	23.9106
1.08428	5.73127
1.82304	20.8375
1.35394	11.4825
0.899255	2.12021
1.05717	5.40208
1.50003	14.5741
1.28418	10.2316
1.26079	9.72578
1.54006	15.3171
1.57581	16.0295
1.71781	18.9174
1.13133	6.73943
1.78255	20.2077
1.77509	20.0474
1.52107	14.7812
2.17686	28.0634
1.42142	12.6149
1.17508	7.54188
1.73759	19.2081
1.44251	13.3888
1.45172	13.7881
1.5966	16.6487
1.75253	19.7288
1.38222	12.1314
1.00769	4.44031
1.20837	8.83688
0.668437	-2.70447
1.64191	17.2103
2.42736	33.2546
2.26394	30.081
2.04476	25.4986
1.08476	5.853
1.01236	4.36775
0.951181	3.01721
0.925851	2.49877
1.07048	5.86043
0.847438	1.35079
1.57029	15.9343
1.70449	18.584
1.61862	16.8068
0.802047	0.0382184
1.29697	10.1554
1.57941	16.106
1.9981	24.4801
1.88051	22.147
1.19807	8.04219
1.88674	22.2139
1.38943	12.0831
1.21499	8.774
0.897323	1.69554
0.862493	1.50126
1.46913	13.9692
1.05954	5.71812
1.66749	17.9151
1.56966	16.0426
1.08794	5.9917
0.941756	2.97854
1.44435	13.2801
1.90688	22.4461
0.897761	2.03253
1.70526	18.4621
1.00363	4.19699
1.26322	9.69016
0.912985	2.25092
0.936428	3.00824
1.06793	5.87416
1.14196	7.24355
1.35618	12.0349
1.41782	13.0271
1.25638	9.552
1.38479	12.4502
1.58642	16.1053
2.04723	25.6895
1.90275	22.7039
1.79264	20.2403
1.43601	13.0964
1.22911	9.34483
1.65916	17.5704
1.4046	12.6597
1.72357	18.8882
1.65845	17.4798
1.47313	13.8087
1.55107	15.6037
1.63248	17.2132
1.48598	14.1868
1.76119	19.7654
1.18575	7.89659
2.59466	37.6142
0.946861	3.02475
1.8168	20.9346
1.71598	18.7624
1.58272	16.0953
1.39558	12.318
1.68493	18.1392
1.54728	15.3468
1.25684	9.60806
1.45258	13.6701
1.54771	15.5012
0.996474	4.14913
1.58623	16.2933
1.82052	21.11
1.33768	11.0629
2.12981	27.4704
1.31748	10.6718
1.82391	20.9566
1.68859	18.1346
1.67878	17.9263
1.34086	11.0013
0.998782	4.25827
0.751804	-0.918798
1.65445	17.5254
1.44583	13.3987
1.31372	10.9162
1.41276	12.8982
1.54077	15.3675
1.5876	16.2927
1.86579	22.0041
1.67183	17.7887
1.85118	21.7156
3.60446	56.0027
1.96994	23.8404
1.51657	14.5625
1.31922	10.6942
1.03225	4.75914
0.951688	3.35677
1.05299	5.58343
1.69224	18.3812
1.41008	12.5582
1.44807	13.3488
1.19604	8.15471
1.78276	20.1079
1.01904	4.4481
1.5409	15.296
2.18533	28.4768
2.0194	24.7543
1.45306	13.4013
1.47317	13.8237
1.1023	6.017
1.36653	11.7164
0.960781	3.21632
1.26071	9.70248
1.81039	20.8499
0.942508	2.74509
1.76196	19.9271
1.81524	20.8953
1.8412	21.3396
0.840288	0.848634
1.87153	21.9983
2.87875	42.7932
1.36217	11.53
1.59352	16.1653
1.32326	10.5427
1.26037	9.55838
1.24627	8.98365
0.966108	3.37767
1.46328	13.5838
1.27227	10.1817
1.58454	16.1802
1.32221	11.0043
1.7488	19.6107
1.77052	19.982
0.911827	2.22505
2.48851	34.6861
2.39608	32.7041
1.86632	21.8154
1.78548	20.1095
1.775	19.8662
0.819099	0.592947
0.634483	-3.19451
1.70873	18.5312
1.7299	19.2637
1.6239	17.1202
1.43555	13.1651
1.77654	20.1572
1.67729	18.2707
1.13314	7.18794
2.35364	31.9156
2.06043	25.8386
1.46335	13.4325
1.19241	8.04911
1.03713	4.79184
1.72909	18.9682
0.941095	3.05769
1.32308	11.0103
1.42592	13.0326
1.35393	11.6598
1.05124	5.35481
1.27914	10.0606
1.5828	16.1966
1.68601	18.4149
0.682792	-2.4608
1.55535	15.4646
2.37301	32.3663
1.67751	18.121
1.49459	14.2822
1.68579	18.0449
1.61447	16.6258
0.83351	0.678534
0.85314	1.15871
1.69195	18.4674
1.15149	7.30373
1.0245	4.83466
1.65118	17.7802
1.29037	10.1635
1.36383	11.862
1.72117	19.0215
0.61914	-3.75059
2.04534	25.3036
1.31084	10.5764
2.18549	28.5936
2.20447	28.807
0.850867	1.05704
0.751388	-0.942341
0.919231	2.50739
0.813194	0.334309
1.61373	16.782
1.20925	8.9339
1.6019	16.7752
1.78158	20.3481
1.70849	18.7238
0.896623	2.06129
1.1754	7.63193
2.4439	33.81
1.60782	17.0823
1.50876	14.4994
0.839774	0.799396
0.965832	3.38293
0.932566	2.90191
1.48832	14.5519
1.70477	18.5539
1.31639	10.8696
1.49118	14.2827
1.44089	13.3082
1.73284	19.2018
1.57641	16.0149
0.935532	2.74528
1.59684	16.6191
1.37306	11.9828
2.11433	26.7983
1.68353	18.0618
1.19769	8.23303
0.997431	3.9919
1.39741	12.2684
1.16525	7.43388
1.25855	9.68454
1.5691	16.1332
1.23271	9.33513
1.3651	11.6712
1.56917	15.9505
1.64972	17.494
1.34122	11.3162
1.04263	4.93899
1.03955	4.82651
1.70746	18.6295
1.49546	14.2555
1.57237	15.8781
0.906806	2.07838
1.13672	6.86936
1.5703	16.1431
0.895646	2.17592
1.39067	12.404
1.09844	6.31524
0.879334	1.58141
0.662122	-2.89598
1.14046	7.32374
0.659819	-2.90748
0.895957	1.90139
1.42147	12.9136
2.07063	26.0943
1.36825	11.509
1.20122	8.39712
1.24783	9.26836
0.897754	2.15189
0.835691	0.578708
1.18899	8.41661
0.754695	-0.810263
0.907629	2.43405
0.754496	-0.802276
1.5524	15.4788
1.7367	19.2886
0.801714	0.0818694
1.61529	16.6042
1.72148	18.84
2.3845	32.5458
1.83798	21.2066
1.28935	10.133
1.69236	18.2054
0.94901	3.31393
1.01757	4.30063
1.04264	5.56662
1.37682	12.1084
1.20441	8.63642
1.44809	13.5662
1.19964	8.51983
1.63818	17.336
1.70306	18.8105
1.58094	15.9638
1.92623	23.1737
2.21818	29.1862
1.70407	18.5047
1.81542	20.7978
1.80521	20.6537
1.78211	20.0405
1.9031	22.4923
1.7277	19.0822
1.84832	21.3786
1.70703	18.6678
1.3495	11.67
1.76382	19.8114
1.8938	22.3674
1.70947	18.7855
0.841824	0.895534
1.97396	24.1252
3.37152	53.5057
1.86039	21.6971
1.79418	20.3443
1.54604	15.3179
1.72338	18.9056
1.82154	20.8661
1.60573	16.5981
1.49412	14.4253
1.27677	10.0273
1.44194	13.4454
1.52788	14.7802
1.78903	20.3986
0.974832	3.49561
1.53542	15.0891
1.94217	23.3114
1.83073	21.2666
1.71414	18.6716
1.52232	14.745
1.66505	17.6766
1.32199	11.1039
1.57697	16.2703
1.25377	9.72788
1.1467	7.31564
1.25884	9.64954
1.433	13.0931
1.65941	17.8023
1.39243	12.3814
1.72314	19.139
1.53226	15.1487
1.07419	5.56387
2.03909	25.5678
1.82256	20.9909
0.843885	1.00369
1.2276	8.91561
1.59094	16.2328
0.694719	-2.13251
0.815451	0.153521
1.41747	12.9905
1.77265	20.0158
0.733683	-1.45327
1.76531	19.8768
1.86209	21.8432
1.56066	15.8821
1.76111	19.7774
1.98456	24.2697
2.21468	28.8911
1.54581	15.1559
1.69762	18.4437
1.97659	24.1514
1.37845	12.3927
1.40115	12.4841
1.36046	11.6203
1.03957	5.46419
0.836481	0.782491
1.3285	11.1121
0.869961	1.43797
1.74671	19.6716
1.9131	22.9326
0.865854	1.35007
0.985533	3.74692
1.08076	5.80565
1.27941	9.8491
1.94602	23.3346
1.32106	10.8678
1.11275	6.38399
1.12447	6.56596
0.758836	-0.838965
1.27655	10.0715
1.63667	17.2875
0.741403	-1.19824
1.61764	16.8711
1.75035	19.4385
1.23741	9.05134
1.62229	16.909
1.99182	24.3709
1.73041	18.8131
1.02454	4.53165
1.18845	8.02282
1.26258	9.65308
1.3153	10.6389
1.02804	4.60855
1.21514	8.62386
1.5833	16.1039
1.67155	17.989
1.49255	14.3857
1.68124	18.1502
1.59508	16.3033
0.956421	3.44993
1.25411	9.29978
2.30298	31.1808
1.86024	22.0637
2.13442	27.3401
1.76853	19.7241
1.72359	18.9192
2.07075	26.0576
1.03531	5.26046
1.34754	11.6089
1.10894	6.70029
0.843094	0.857789
1.21281	8.76723
0.812172	0.0845258
1.62019	16.961
1.1495	7.52002
1.35351	11.0568
2.46018	33.9059
1.80656	20.583
1.95837	23.5492
1.1276	6.5944
2.02582	25.0827
2.12706	27.1874
1.11888	6.62466
1.25997	9.29216
1.30584	10.6358
1.47051	14.0771
1.44608	13.581
0.74583	-1.10298
1.72221	19.044
1.12044	6.84329
1.56567	15.7256
1.94709	23.4025
0.979232	3.7735
0.914235	2.31726
0.837291	0.838412
1.65257	17.4144
1.2957	10.1452
1.65536	17.8202
0.810705	0.536111
1.65304	17.7607
1.53793	15.2877
1.80753	20.7222
1.15621	7.49205
1.35013	11.4804
1.81946	20.8686
1.1086	6.46535
1.04312	5.01332
1.67123	17.6876
1.81515	20.9913
1.18764	8.03651
1.4592	13.6154
1.33913	11.3263
0.856931	1.32533
1.51886	14.8319
1.75177	19.4629
1.45285	13.794
1.91813	22.931
1.62952	17.0598
0.628863	-3.70517
1.63134	17.2105
1.67107	17.9524
1.54356	15.2997
2.2205	29.3443
1.68164	18.1489
0.788099	-0.111238
1.35289	11.4738
1.2746	9.91435
1.13896	6.90605
0.94337	2.63467
0.98777	4.25322
0.907199	2.55093
1.33174	11.1734
1.41161	12.7748
1.71402	18.8764
1.50106	14.5913
1.95351	23.7868
1.25725	9.45322
1.5441	15.4891
0.856601	1.1793
1.28917	10.2163
1.84222	21.2519
1.12103	6.64529
1.31548	10.7545
0.831868	0.874845
1.1907	8.54577
0.827677	0.865918
0.88879	1.74186
0.833321	0.493297
0.72863	-1.512
0.730901	-1.64791
1.23663	9.09351
2.34797	31.6485
1.81735	21.2593
1.4207	12.7902
1.77499	19.9049
1.08021	5.73193
1.15845	7.5166
1.04226	5.04686
0.94909	3.05658
0.913711	2.3186
1.38796	12.5565
1.31427	10.8303
1.55023	15.5224
1.45645	13.6338
1.22215	9.04368
0.854904	1.04467
2.03715	25.3575
1.34461	11.1156
1.34397	11.148
1.48441	14.111
1.25055	9.43193
1.22153	8.77174
1.00296	4.1899
0.933492	2.55869
1.04052	5.35211
1.44768	13.5911
1.39002	12.4594
1.15098	7.40554
1.30736	10.5979
1.52597	15.1859
2.99511	45.0473
2.00455	24.5243
1.64589	17.781
1.44731	13.61
1.05724	5.14352
1.60999	16.7389
1.62221	16.8957
1.66482	17.7398
1.74182	19.271
1.7792	20.0578
1.75388	19.6147
1.6969	18.3511
1.58273	16.058
1.81534	20.7444
2.01306	24.9603
1.35321	11.2714
1.85258	21.624
1.91466	22.8356
2.11715	27.0832
1.76423	19.8161
1.25895	9.92068
1.3321	10.9794
1.6903	18.3516
1.69855	18.4533
1.52162	14.876
1.66813	17.9327
1.51077	14.7484
1.49182	14.3389
1.92805	23.0556
0.889244	2.06407
1.53445	15.1608
2.69195	38.9856
1.40997	12.608
1.48195	14.0346
1.42614	12.7592
1.66178	17.7053
0.860389	1.52284
1.19809	8.44913
1.16411	7.75524
1.04111	5.42915
1.21681	8.62252
1.64379	17.3705
0.981696	3.8153
1.82063	21.0879
1.93702	23.4422
1.94996	23.6423
2.22656	29.1258
1.20696	8.38251
1.57564	16.0845
1.25811	9.63256
1.07578	5.91583
1.42132	12.8443
1.1025	6.5948
1.29118	10.1605
1.37281	12.174
1.42607	13.1559
0.987263	3.73021
0.853308	1.19448
0.726102	-1.42521
1.71577	18.9679
1.4716	13.4953
1.48993	14.2823
1.18003	7.76628
1.60491	16.4951
2.224	29.1978
1.5309	15.0001
0.793582	0.043205
0.776955	-0.308862
1.39064	12.4675
1.38901	12.3965
0.904419	2.10008
1.68225	18.2315
1.09537	6.22887
1.78463	20.3784
1.95077	23.7482
1.65071	17.4313
2.25446	29.8977
2.45803	34.2902
1.45746	13.5192
1.10436	6.40526
1.05599	5.30886
1.75216	19.457
0.831246	0.671026
1.1134	6.43581
0.671	-2.71618
1.29334	10.479
1.18826	8.25747
1.12633	6.94398
1.7267	19.1701
0.738542	-1.38668
2.31917	31.2533
1.46119	13.5373
2.18532	28.4473
1.62861	16.986
1.12175	6.86209
2.09066	26.4734
1.48497	14.1351
1.49584	14.5809
1.5521	15.7542
0.892945	1.98472
0.898439	2.08006
0.632708	-3.28105
1.44101	13.26
1.7142	18.923
1.10434	6.30753
0.896777	1.97653
2.39425	32.838
1.86798	21.8935
1.95864	23.733
1.13913	7.0869
1.37244	11.8091
1.11768	6.36642
1.48366	14.3644
1.67072	17.8072
1.00247	4.10776
1.74726	19.5413
1.36215	11.8748
1.69645	18.4539
0.958059	3.67424
1.54543	15.5272
1.54335	15.4083
1.40524	12.5016
1.01358	4.30908
1.95591	23.5996
1.19144	8.04314
1.58178	15.9395
1.04481	4.96434
1.47645	14.2041
1.04199	4.80255
1.21089	8.96259
0.969485	3.67062
1.79594	20.651
0.882398	1.74516
0.963311	3.48874
0.96044	3.57231
0.868739	1.24191
1.60911	16.891
1.8401	21.0084
1.78239	20.0378
1.23893	9.07336
1.41857	12.7761
1.06767	5.54372
1.09486	6.20197
0.884782	1.73851
1.53218	15.0416
1.17926	8.10977
1.54197	15.4032
1.14441	7.33577
0.927713	2.62929
0.796265	-0.201476
2.1267	27.3612
1.39748	12.3418
2.14231	27.3811
0.759861	-0.89263
0.821345	0.597205
1.14924	7.36298
1.16342	7.50213
1.07757	5.87864
0.950543	3.28522
1.36474	12.0299
1.21999	9.05312
0.967578	3.74762
1.47661	14.1463
1.72087	18.9951
1.30757	10.7528
1.16779	7.57354
2.22537	29.328
1.83642	21.2906
2.19983	28.7182
1.36724	11.7541
1.7395	19.2813
1.64419	17.2926
1.67777	17.9846
1.04964	4.98578
0.772626	-0.543982
1.68229	18.0666
1.25841	9.57188
1.82473	20.961
1.3282	11.1474
1.08646	6.01086
1.1443	6.98062
1.77971	20.305
1.41207	12.4691
2.06616	26.1107
1.15758	7.4283
0.895821	1.82825
1.62151	16.8082
1.41584	12.682
1.25732	9.94869
0.881365	1.7814
1.26904	10.2113
1.42718	13.2005
1.15089	7.23626
0.987088	4.05203
1.05711	5.43833
0.812729	0.271413
1.18287	7.77655
2.2138	29.1976
1.26092	9.59663
1.22933	8.91294
1.47839	14.348
0.986802	3.98871
1.15428	7.223
0.944105	3.02036
1.45059	13.5574
1.31156	10.5098
1.51426	14.8956
1.47234	14.0854
1.40395	12.565
0.987172	3.82365
0.948046	2.87256
2.50327	34.9997
1.19034	8.07535
1.63822	17.2622
1.34486	11.3801
1.62633	16.9733
0.79318	0.0670124
1.52977	15.0113
1.60275	16.5219
0.904429	2.59741
1.42008	13.1303
0.809932	0.150013
0.746527	-1.37619
1.0768	5.75047
0.989378	4.21913
2.63115	37.4402
2.38168	32.4006
2.52854	35.9625
1.98243	24.3342
1.45095	13.4305
3.99659	65.965
1.55211	15.446
1.6657	17.7606
0.798458	0.0587658
1.75167	19.4145
1.74657	19.4011
1.07463	5.76753
1.89494	22.4824
1.59726	16.4774
1.98223	24.2535
1.33291	10.9304
2.08458	26.1976
3.11965	47.7263
3.53299	55.7975
1.40454	12.591
2.19478	28.2135
1.11842	6.77196
1.65157	17.4259
1.03416	5.04966
1.69472	18.2643
1.23166	9.1038
1.20754	8.91618
1.3387	11.2324
1.00431	4.29981
1.22576	8.63054
2.50454	35.0357
1.85135	21.703
1.82608	21.1118
1.82654	21.0204
1.83626	21.3387
1.7077	18.6464
0.845654	0.921121
1.20838	8.39587
1.25351	9.76549
1.56066	15.712
1.29356	10.235
1.34209	11.3181
1.60099	16.4548
2.08597	26.3795
1.7885	20.3516
0.960619	3.10169
1.92704	23.3214
1.94316	23.5299
1.71426	18.9215
2.19331	28.5683
1.24651	9.35799
1.87917	21.9666
1.53835	15.1624
0.749559	-0.923274
0.704572	-1.85672
1.00673	4.41834
1.47026	14.1971
1.8772	22.2628
1.53995	15.4267
2.12498	27.2537
1.79119	20.2028
2.21473	28.8166
0.982982	3.74355
1.36982	11.8621
1.66435	17.7753
1.24609	9.33566
1.47083	13.8268
0.984955	4.19614
1.58661	16.1124
1.4744	14.2928
1.68263	18.1775
1.89187	22.3595
1.16733	7.68291
1.95305	23.8062
2.02131	25.1515
1.40841	12.1519
2.85713	43.1952
2.7916	40.5494
0.930998	2.70799
1.51683	14.6103
1.50222	14.499
1.06568	5.37935
1.01723	4.51051
2.02295	24.4113
1.30015	10.3208
1.22187	8.67571
1.08201	6.16366
0.948824	3.07128
2.12451	27.1688
1.32746	10.8421
1.96002	23.8884
1.43945	13.2701
1.90601	22.8591
1.69872	18.4706
1.97508	24.1174
0.968395	3.51599
1.68958	18.1887
1.69954	18.4923
1.31449	10.8644
1.32012	10.774
1.40829	12.8467
1.58393	16.2422
1.98035	24.3488
1.67793	18.1201
1.45736	13.4279
0.905257	2.12481
1.15995	7.28019
1.93906	23.4098
1.20904	8.44488
1.63197	17.11
1.16243	7.61416
1.16148	7.62447
1.24469	9.3156
1.0464	5.13992
0.901531	2.1252
1.39325	12.0949
0.995151	3.99431
1.67279	17.9965
1.72471	19.1704
0.785913	-0.122475
0.716147	-1.82971
1.96986	24.0551
2.03637	25.3883
2.21762	29.2381
1.01002	4.35153
1.22281	8.88525
0.920259	2.44005
1.11004	6.26659
1.32115	10.8893
1.36497	11.982
1.21371	8.46496
1.37136	11.9849
0.823825	0.48429
1.64681	17.3643
1.8844	22.2997
1.95414	23.653
2.68328	38.372
1.5653	15.6512
1.81338	20.8086
1.72868	18.9429
1.72115	18.8598
1.22475	8.76605
1.15507	7.28011
1.31376	10.9891
1.14377	6.97459
1.1347	7.00058
0.723625	-1.71113
1.77639	20.1337
1.52788	14.8607
0.860171	1.39045
0.956889	3.24331
1.18956	8.1937
1.43785	13.1372
2.01243	24.9081
1.11895	6.56396
1.11383	6.62041
1.03458	4.83284
0.984546	3.93671
0.879182	1.93346
0.945413	3.23786
1.32931	11.3325
1.37508	12.039
0.833245	0.671858
2.0852	26.5055
0.93219	2.59805
0.975667	3.48978
2.07106	26.3213
2.04998	25.7981
1.66703	17.834
1.38538	11.9928
1.07561	5.73527
0.775876	-0.524296
1.12794	7.16715
0.642581	-3.0946
1.64745	17.2763
0.817824	0.692664
1.24504	9.39614
1.32727	11.0292
1.36807	12.0543
1.30054	10.1697
1.20541	8.3151
2.06403	26.0159
1.74573	19.1642
1.08867	5.80806
0.909859	2.26409
1.27454	9.87508
0.880238	1.791
1.12224	7.04006
1.52853	15.269
1.53923	15.2704
1.19261	8.1947
1.06683	5.59891
1.82455	21.0646
1.01017	4.2792
1.12007	6.57983
1.1361	6.91126
1.88544	22.1117
1.87404	21.8339
1.48993	14.1716
1.13455	7.28425
0.874176	1.6348
0.826537	0.452343
1.09041	6.20065
1.4935	14.2506
1.23328	9.28037
1.30172	10.8869
1.11122	6.46067
1.66876	17.8528
1.92942	23.1542
0.982983	3.90509
0.966296	3.54129
2.05636	25.8178
2.01089	25.0269
1.11315	6.48572
1.14854	7.27527
1.28365	10.0334
1.34011	11.0235
1.6032	16.4801
1.5597	15.9882
0.793258	-0.023183
0.816801	0.388647
1.91562	23.21
1.25057	9.39217
1.52192	15.0961
1.17968	7.96385
3.18227	48.8358
1.82265	21.001
2.64036	37.4323
3.90694	64.4157
1.82821	20.922
3.13053	48.3171
1.37299	11.6695
2.52569	34.7762
0.897781	2.0836
1.81309	20.67
1.6338	17.1131
1.5453	15.3959
1.70655	18.5893
1.80457	20.6041
2.16019	28.0513
0.940952	2.89822
1.89848	22.5984
1.87612	22.1969
1.13136	7.43135
3.92569	63.9286
1.74853	19.4517
2.90404	42.5753
1.65106	17.4227
1.67588	17.9603
1.87899	21.9817
1.0873	6.10587
1.99034	24.279
1.27976	9.74626
1.98395	24.3593
1.06665	5.43823
1.57214	15.7552
2.24693	29.3739
1.86304	21.8658
1.15755	7.59318
1.44075	13.2373
1.02268	4.49738
1.65813	17.66
1.14048	6.96462
1.1474	7.18851
1.31305	10.9472
1.4501	13.6093
1.91914	22.901
0.922866	2.64501
1.94973	23.5115
2.04598	25.628
1.56106	15.6547
2.7364	39.549
1.26773	9.68385
1.56367	15.5815
1.54978	15.4765
1.19126	8.03841
0.915022	2.2872
0.926163	2.54595
1.03742	5.08236
0.823519	0.443344
1.14201	7.14716
1.70903	18.7598
0.808273	0.291426
1.66722	17.6339
2.0933	26.5511
0.890105	1.80486
1.67158	17.8815
0.8441	0.930615
0.861566	1.22569
1.1029	6.3908
0.939206	2.80297
1.36475	11.7388
1.88262	22.1062
1.07876	6.03108
1.31988	11.1092
1.86703	21.7878
1.9416	23.327
0.98094	3.76653
1.88367	22.2241
2.00113	24.6861
1.10101	6.73322
0.882657	1.71042
1.23194	8.99638
1.63343	17.1366
0.860072	1.32461
0.982737	4.01716
1.47432	13.9265
0.882598	1.80407
0.945355	3.22875
1.26911	10.0207
1.30325	10.938
1.33369	11.2081
1.7514	19.5144
1.52846	15.0948
2.08315	26.3745
2.04465	25.5794
1.52598	14.868
2.18142	28.3224
2.32546	31.3784
2.78039	40.3825
1.29013	10.1749
1.49756	14.3111
1.84916	21.3443
1.21544	8.49222
1.49429	14.3751
1.5497	15.4347
1.13962	7.14829
1.11839	6.63486
2.04751	25.5974
0.780955	-0.217832
1.9626	23.9134
0.825446	0.506794
1.78921	20.3812
1.43102	13.0976
1.46257	13.6261
1.11008	6.63626
1.19184	8.28332
1.3064	10.6656
1.03287	5.25041
1.35599	11.4641
1.74734	19.4734
0.802747	0.508145
2.17679	28.235
1.86358	21.8289
1.31161	10.4972
1.10189	6.27501
1.45281	13.344
1.04526	5.01659
1.89107	22.5088
1.24674	9.49249
2.24769	29.5583
0.936985	3.06519
1.64478	17.2709
1.80227	20.4786
0.939709	3.04251
1.7393	19.2111
0.848623	0.850194
1.55272	15.4338
2.09718	26.651
1.5088	14.3973
1.89533	22.5912
1.66582	17.8338
1.13478	6.84875
1.42559	12.8523
1.44794	13.3685
0.822286	0.469029
1.26536	9.97635
0.874063	1.52674
1.39803	12.5595
1.20409	8.54746
1.57646	15.9993
2.07907	26.2077
1.61224	16.4924
1.02912	4.77074
1.56564	15.5829
1.51787	14.7626
1.71893	18.8314
1.98372	24.121
0.880234	1.55994
0.906625	2.02523
1.03658	5.08451
1.29747	10.3321
0.789684	0.0866116
0.979245	3.87196
0.991461	4.00424
0.993954	4.25703
0.823	0.593275
1.20229	8.54411
1.8525	21.5884
0.932695	2.81526
1.59966	16.5279
1.48186	13.9959
1.97645	24.1289
1.73201	18.9439
1.77807	20.0443
1.86375	21.6408
2.79591	40.3182
1.34289	11.5634
1.08659	5.95976
1.24988	9.37992
1.29885	10.6758
1.19096	8.25988
1.69124	18.5924
1.55488	15.5946
0.792609	-0.0836497
1.55557	15.5212
1.82103	21.1063
1.31921	10.7859
1.50228	14.4675
1.09705	6.00585
1.03709	4.97781
0.931739	2.86394
1.08341	6.08635
2.14423	27.1866
1.05084	5.21456
1.39805	12.5072
1.09906	6.23364
0.869809	1.51005
0.84736	0.815896
1.03987	4.90424
1.39139	12.2075
1.94522	23.6047
2.03552	25.5366
1.8907	22.264
0.834284	0.643171
1.20915	8.59494
1.24132	9.12361
1.26563	9.74036
1.12455	6.77803
1.02338	4.77014
1.15415	7.5732
1.40755	12.7661
1.44624	13.5209
1.53799	15.3217
0.721713	-1.63432
1.30912	10.5112
2.07068	26.2863
1.01827	4.38862
1.77671	20.0184
1.65496	17.481
1.18932	8.00772
1.29998	10.5816
1.63649	17.2246
2.06563	25.8437
0.87479	1.44523
1.47876	14.2946
1.7597	19.8525
1.53609	15.4221
1.49123	14.3783
1.00483	4.24262
2.87553	42.614
0.843637	1.06128
3.34534	52.0869
1.17299	7.88187
1.13434	7.07182
4.00428	66.1272
1.75235	19.3923
2.28755	30.5379
1.54691	15.4212
1.74958	19.351
1.70277	18.4428
1.13323	7.28939
1.89399	22.5152
1.44578	13.5308
2.11577	27.0723
1.23714	9.02332
2.38702	32.2071
3.25754	50.4534
1.64012	17.5465
3.36139	52.4087
3.44359	54.51
3.36759	52.7871
1.1131	6.54064
1.74154	19.2292
1.28544	10.1086
1.78966	20.2515
1.88775	22.1814
1.99885	24.5514
2.13109	27.3634
1.12857	6.65893
2.05947	25.7428
3.02537	45.8338
1.89374	22.5817
1.78898	20.2699
1.95092	23.3159
3.6874	59.5081
1.10615	6.51242
0.857033	1.17601
1.30429	10.7031
1.80978	20.5574
1.80134	20.3924
1.39309	12.5597
2.29936	30.974
2.18118	28.4175
2.11186	26.9774
2.02588	25.1378
1.60602	16.377
2.28789	30.3356
1.50935	14.6334
1.08038	5.67254
1.36677	11.7669
1.94519	22.7868
0.917545	2.5476
0.802809	0.141729
1.43365	13.1968
1.76428	19.9668
1.38463	12.0796
1.65838	17.5848
2.39224	32.5048
2.10631	26.7941
0.95928	3.346
3.05073	45.5552
1.24987	9.2657
2.125	26.7636
1.38081	12.0809
1.23772	9.09995
1.28481	10.0403
1.06203	5.63693
1.63048	17.0631
1.91463	22.7054
1.89726	22.4626
1.82033	20.8119
1.06206	5.48278
2.09245	26.5581
2.10674	26.835
1.20807	8.37525
1.02842	4.57185
2.2445	29.2039
1.05855	5.23719
1.23842	8.85134
1.40102	12.3883
1.12476	6.73347
0.884508	1.92264
1.28041	10.3182
1.56351	15.6742
2.28516	30.5673
2.15594	28.0413
2.62797	37.5321
1.64595	17.3385
1.62219	16.7731
0.813022	0.304253
3.04366	45.8809
1.77476	19.9933
0.828297	0.660941
1.04667	5.22274
0.982505	3.9775
1.14259	7.3196
0.783057	-0.326644
1.32113	10.945
1.49922	14.3121
1.39397	12.3496
1.86777	21.835
2.01305	24.8884
1.93445	23.2014
1.73284	19.2405
3.57605	56.7058
1.90169	22.2967
3.4013	53.4979
2.0283	25.3562
1.45704	13.6301
1.76941	19.7707
1.09306	5.95971
1.44981	13.708
1.44501	13.6006
1.17121	7.86832
1.26098	9.6084
0.864717	1.39832
1.39372	12.1063
1.16998	7.66785
1.35949	11.4178
2.26456	30.0159
3.14139	46.9297
1.36356	11.7175
3.23602	49.9924
1.50913	14.7355
1.32114	10.8791
1.18029	7.67224
0.968557	3.44109
1.12579	6.91857
1.93439	23.0439
1.13022	6.84994
2.11581	27.1119
2.58692	36.5642
2.02033	25.0475
1.48274	13.8773
4.00755	65.7449
2.42059	32.9929
3.79909	60.9549
1.01444	4.61896
1.6823	18.1302
1.59903	16.5463
1.6181	16.889
1.04725	4.98659
1.04851	5.21658
1.00193	4.4438
1.44073	13.4205
1.11688	6.84368
1.79069	20.34
1.8401	21.4078
1.87004	22.0631
0.975639	3.7537
1.85308	21.5944
1.26172	9.48847
3.04455	45.81
1.81424	20.8136
1.47279	13.8991
0.834753	0.956569
1.30087	10.5304
1.31285	10.6794
1.57348	16.2972
1.42735	13.0886
2.22468	29.0444
1.03094	4.78038
1.10817	6.32218
1.40162	12.2989
1.70487	18.6363
1.88725	22.4129
1.72454	18.9961
1.33339	11.1123
1.39455	12.2742
1.03758	5.08949
1.09965	6.19815
1.45979	13.7894
0.994845	4.00103
1.42468	12.8786
0.852159	1.08598
1.98998	24.4438
1.97549	24.2894
1.6334	17.0171
1.40415	12.5194
1.14001	6.88351
1.95802	23.8535
1.5923	16.2874
1.25759	9.39307
1.80504	20.6968
0.795684	-0.0313025
1.00808	4.15777
0.845883	1.11939
1.14514	7.2911
1.24424	9.20073
1.02771	4.92401
1.79006	20.4604
2.01184	24.9268
1.74455	19.4273
0.88179	1.51852
1.36844	11.8761
3.62976	57.4334
2.06505	26.0588
1.25702	9.48801
1.22956	8.72536
0.82474	0.506655
1.08808	6.07539
1.05086	5.28301
1.04246	5.1626
1.29348	10.2575
1.12191	6.79937
1.98147	24.1445
1.47163	13.9954
0.833801	0.633543
1.15578	7.32067
1.02449	4.50828
1.69471	18.4164
1.07397	5.54416
1.18641	8.01908
1.07561	5.6091
1.36792	11.8719
1.05692	5.23718
1.10049	6.30475
0.829255	0.644188
0.78299	-0.450106
1.26018	9.78268
1.75042	19.691
2.3008	30.7467
2.27476	30.337
1.65822	17.8175
2.47124	34.2891
4.07448	68.0096
2.1834	27.9375
3.64395	57.9426
1.18865	8.17138
2.22296	29.6688
2.2134	28.6966
1.24158	8.99213
2.1083	27.1131
3.09658	46.8041
1.33465	10.9168
1.96543	23.9012
1.90352	22.4447
2.02027	25.1111
2.14531	27.6301
2.29826	31.1825
1.65617	17.6336
3.84581	62.1599
1.66464	18.6319
3.78047	61.7407
3.07766	47.5976
1.21171	8.16669
1.72514	18.8662
3.86578	62.8077
3.51978	55.8344
1.75109	19.4898
1.40307	12.4591
1.19406	7.99568
1.52046	15.0838
2.1972	28.6049
2.56689	36.3694
4.20428	70.1064
1.54366	15.2684
2.25534	29.3552
3.76202	60.9194
1.16353	7.69962
1.66515	17.2842
1.64903	17.3254
0.937651	2.87499
2.09755	26.4215
1.84415	21.3
1.98442	24.2473
1.68163	18.142
2.01084	24.7711
1.67177	17.9695
1.78486	20.0891
1.44965	13.1956
1.7231	18.7487
1.2217	8.62967
2.65436	37.4402
1.23223	8.90018
1.19451	8.31474
1.99727	24.4648
2.37208	32.3643
1.77483	19.8955
1.59254	16.4163
0.922811	2.57438
1.34794	11.2616
1.08424	5.97135
2.12131	27.1034
1.73688	19.2236
2.15476	27.7974
2.4547	33.4375
2.11307	26.6293
1.61456	16.6733
1.37338	11.7498
1.65029	17.5487
2.14382	27.1817
2.12374	27.1999
1.66854	17.8906
2.22689	29.1878
0.951048	3.03707
1.04849	5.05004
2.11733	27.1215
2.09784	26.6155
1.7997	20.5636
1.57472	16.5291
1.43413	13.048
1.27046	9.76152
1.51568	14.9736
1.40292	12.251
0.915218	2.34614
2.49393	34.6494
1.24034	8.96159
1.64124	17.3819
1.12962	7.21941
1.48204	14.1561
1.45946	13.4837
0.882101	1.68896
2.16527	27.9947
1.19997	8.20955
2.84818	41.9833
3.13135	48.8987
1.35569	11.4996
1.94226	23.2217
1.72778	18.9653
1.23475	9.00424
1.25211	9.56971
1.62521	16.9174
2.48245	34.3455
1.82757	20.9472
2.10054	26.7563
2.02249	25.0075
2.1995	28.7859
1.45556	13.3496
2.51859	34.9754
2.62472	38.0333
1.28185	9.92999
1.26917	9.7367
1.02793	4.60325
1.20628	8.25448
1.42053	12.8674
2.18716	28.3628
1.67221	17.9681
2.15661	27.805
1.35791	11.5314
1.99665	24.4625
0.825345	0.423274
2.11348	26.7085
1.72231	18.7784
1.53823	14.9685
2.00239	24.7192
1.66199	17.7379
4.30351	72.3655
1.46003	13.6228
1.01103	4.35771
1.2892	10.2593
2.24171	29.586
0.836593	0.753198
1.75961	19.7117
1.41416	12.7756
2.06461	26.1896
2.27371	30.3441
2.13555	27.5025
0.835933	1.04082
2.19084	28.2048
2.09724	26.7811
2.10674	26.6769
1.31557	10.5949
1.12641	6.91183
2.46338	33.6607
1.66634	17.8612
1.82657	20.936
1.53177	15.2668
0.939198	2.83314
0.860527	1.42537
2.70784	39.1467
2.48729	34.5877
1.07513	5.67797
1.36199	11.4933
0.947215	3.23011
1.72357	18.8465
3.66865	59.6561
1.65014	17.4876
1.36782	11.8469
0.867341	1.58206
1.14802	7.4027
1.63318	17.1426
0.881961	1.7863
1.74187	19.5647
1.89205	22.5905
1.51408	14.6916
0.768326	-0.505252
0.855478	1.16807
2.0129	24.8809
0.839093	0.733008
1.65649	17.6115
1.8695	22.0405
1.39942	12.408
1.16714	7.59976
1.00859	4.21829
1.67383	18.1669
1.72858	19.1201
2.16051	27.8133
1.24394	9.27992
1.60083	16.4745
1.89221	22.605
1.9114	22.798
1.37574	11.7591
0.913774	2.29485
1.39706	12.1628
1.72305	19.0289
1.64748	17.4819
1.07247	5.69849
1.28446	9.84823
1.24526	9.25243
1.0911	6.3288
1.68107	17.9925
1.0894	6.13972
1.14209	7.28134
1.42824	13.4261
1.94206	23.4928
1.15439	7.22541
1.47655	13.9918
1.37816	11.9413
1.25621	9.37463
2.93493	43.0881
1.33669	11.1686
1.51721	14.76
1.33403	11.084
0.851914	1.05171
1.09007	6.11663
1.87907	22.2498
0.825016	0.487957
1.86745	22.1264
1.39678	12.5531
1.8914	22.3137
2.2533	29.6136
1.6447	17.4002
1.34899	11.3865
2.37856	32.1638
1.30359	10.2915
1.08236	5.77371
1.13025	6.74262
1.24493	9.27094
1.31444	10.3318
0.852729	1.04484
1.40185	12.2147
1.66709	17.8118
2.00235	24.8211
1.86434	22.1028
1.81748	20.9873
2.61014	36.8902
2.64518	37.8242
1.32906	11.1717
1.79661	20.7529
2.9157	43.4625
1.50146	14.4915
1.66472	17.6649
2.53819	35.0718
1.73684	18.9231
1.10757	6.38491
1.93412	23.1329
1.73663	19.1233
3.19595	49.0402
1.53745	15.0715
2.11183	26.8763
2.16076	27.9606
2.11386	27.0219
2.73941	39.8922
2.13985	27.4556
1.59559	16.4865
1.67656	17.8973
3.52966	56.1845
2.631	38.2295
1.8205	20.8751
2.12991	27.1906
0.974887	3.70662
1.80909	20.7742
1.90628	22.8164
1.83399	21.1044
1.9246	22.8952
1.90668	22.6681
1.02035	4.82222
2.08539	26.2754
2.3134	31.0256
3.10486	47.0632
2.31639	30.7851
3.22088	49.0449
1.50377	14.45
0.964852	3.63796
1.27417	9.92658
1.97321	23.8929
1.59155	16.2476
2.24777	29.248
1.57996	16.0393
2.35849	31.834
0.941137	2.83717
1.96053	23.6377
0.876967	1.50947
2.66765	38.4591
2.6084	37.0065
4.01227	65.824
1.07258	5.66413
3.44525	53.5414
1.92493	23.0518
1.16823	7.75446
1.65626	17.5767
2.54152	35.5455
1.14535	7.12739
1.85134	21.6321
0.926186	2.681
2.43423	33.6058
2.18343	28.3278
2.32019	31.1084
2.76569	40.3724
1.03321	4.7053
1.63095	16.8825
1.21646	8.42614
1.18794	7.93183
1.53297	15.0574
1.41878	12.601
2.84029	41.6632
1.78802	20.3514
2.00114	24.6564
1.5426	15.3175
1.32894	10.9087
2.55573	35.8417
1.49137	14.249
2.12286	27.123
2.96154	44.7465
3.73342	60.4683
2.94525	44.0867
1.368	11.7148
3.54894	55.9475
1.2388	9.10214
1.27442	9.97044
1.79208	20.467
1.2376	9.04967
2.51352	35.0292
1.25112	9.15866
0.915333	2.29758
1.74183	19.3592
2.42319	33.1099
2.11489	26.9361
2.93081	44.6166
2.77536	40.2094
2.06661	25.9195
1.70472	18.4993
1.20519	8.25792
4.14792	69.0753
1.55698	15.2799
1.92027	22.9429
1.01735	4.39273
1.85962	21.648
1.23675	8.9199
2.22699	29.0671
2.08949	26.4539
2.64187	37.7757
2.2713	30.2034
3.83103	62.2661
3.50257	55.395
2.90486	42.3882
3.90222	63.946
1.26224	9.51012
1.80998	20.8252
1.13292	6.78229
0.996228	4.0309
0.816182	0.353142
0.821406	0.6885
2.9079	42.9652
2.46523	34.161
1.16672	7.49735
1.82786	21.0484
2.18731	28.5007
1.93053	23.5542
4.26775	71.5349
3.35891	52.0008
4.2597	71.3757
1.34458	11.2542
1.20845	8.548
2.34268	31.6448
1.13016	6.78318
2.11525	27.3747
1.87498	21.9239
1.24478	9.39985
2.34989	31.7815
1.074	5.49446
2.88405	42.5575
2.18243	28.3009
2.19383	29.0648
3.69165	59.5196
2.38774	32.0474
1.55676	15.336
2.03051	25.0264
2.03162	25.2703
1.74369	19.518
1.00241	4.17214
2.14853	27.6767
2.26998	30.0631
2.15288	27.8485
2.60806	36.939
2.30639	30.846
2.34886	31.5212
1.21985	8.62365
0.818116	0.344328
1.94588	23.2511
1.50783	14.5692
1.99538	24.314
2.51056	34.6125
1.66	17.6211
1.9128	22.7483
1.47209	14.0872
1.70085	18.7431
2.03967	25.6119
1.74787	19.5526
1.95792	23.8698
1.92696	23.0057
1.60539	16.5118
1.54351	15.2042
1.46925	13.7712
3.68555	58.6733
1.58206	15.7906
2.94231	43.4252
1.44696	13.0976
2.04462	25.4502
1.71156	18.7393
1.3625	11.5226
1.49283	14.5284
1.60376	16.4904
2.24841	29.5594
2.24874	29.8511
2.07543	26.2763
1.70326	18.7911
1.91782	22.8928
1.22047	8.64901
1.6818	18.0862
1.49554	14.4328
1.52322	14.9683
0.996413	4.10776
1.05214	5.07318
1.58139	16.237
1.8702	22.0481
1.60648	16.5885
2.05235	25.7795
1.88581	22.3512
1.4347	13.3542
2.02385	25.0214
2.22663	29.3478
1.55015	15.3038
1.65573	17.3253
1.09729	6.08052
1.3946	12.3909
1.00839	4.38403
1.01518	4.61525
1.18684	8.17355
1.60882	16.8617
1.98934	24.536
1.40466	12.4405
1.0356	5.10593
1.67382	18.0543
1.3203	11.0623
2.43855	33.6295
2.5784	36.5084
1.43723	13.2065
1.49095	14.2146
1.28594	10.0181
1.1831	8.04865
1.08837	5.96231
1.23997	9.17047
1.11458	6.68033
1.03123	4.69172
2.2623	29.9183
2.68009	38.6331
1.59764	16.4461
2.04536	25.7044
2.16259	27.9397
1.64138	17.5499
2.42976	33.357
0.903224	2.05929
3.14304	48.2037
0.913719	2.36005
4.4092	74.5481
3.61658	58.1032
2.54936	35.9782
1.63192	17.0718
0.966132	3.61848
3.08334	47.3701
2.30882	31.0023
1.94763	23.621
1.88529	22.1341
1.98327	24.4826
1.98945	24.2235
2.15803	27.8992
2.55104	35.6435
3.29987	51.287
3.05897	46.4974
2.20693	28.9113
2.15549	27.7266
1.39242	12.1039
2.7656	39.9022
1.33465	10.9226
1.93959	23.3091
1.99958	24.3971
1.07105	5.77235
1.06332	5.47247
2.12688	27.265
1.42045	12.8515
2.19642	28.7066
2.23368	29.5072
3.44561	54.4063
2.23418	28.9342
2.87383	42.6457
1.12311	6.80463
1.71942	18.8842
2.87204	42.9923
1.89874	22.7134
2.02289	25.0415
1.21096	8.36961
2.32072	31.122
2.79426	40.7268
1.32655	10.8857
1.99582	24.5004
1.00916	4.26623
2.21852	28.9661
2.84364	41.9668
3.98749	66.0671
2.56484	35.7776
1.4251	12.5488
2.66939	38.0088
1.51387	14.7011
1.4607	13.6072
1.86208	21.9989
0.977944	3.85583
1.02893	4.49828
1.85174	21.5705
2.7227	39.4011
1.98447	24.319
2.03961	25.4946
2.16766	28.007
2.14684	27.6042
2.77891	40.4697
3.12632	47.8932
1.67524	17.904
1.33906	10.8415
1.10666	6.28609
1.70212	18.7023
1.84047	21.2687
1.99284	24.3613
1.17155	7.72491
1.97986	24.1982
1.72532	19.1486
2.03334	25.3539
1.94895	23.5578
1.26301	9.62009
2.558	36.831
3.74641	60.8964
2.83543	41.4211
1.31592	10.5651
1.12572	6.89345
2.08325	26.2868
1.35027	11.3099
1.13446	6.9149
1.05955	5.32953
0.878818	1.70287
1.63131	17.1423
0.724131	-1.60589
2.2971	30.4304
2.30212	30.7953
2.19314	28.4844
3.22639	49.6685
0.982799	3.45237
2.8421	41.7978
1.80523	20.4873
2.45774	33.9674
2.19412	28.7462
2.17297	28.1234
2.0574	25.904
2.34523	31.6725
1.99416	24.4696
2.08972	26.4584
1.43184	12.8712
1.92778	23.0476
2.42758	33.2569
1.29034	10.1168
0.997157	4.23193
1.63431	16.5609
2.29613	30.2556
1.55898	15.4431
1.77194	20.1998
1.18068	7.70562
2.51525	34.5815
2.16641	28.0404
1.10683	6.24187
1.90214	22.5196
2.50054	34.7132
0.77793	-0.375824
2.18908	28.4938
2.87562	42.4764
1.94394	23.3751
3.59352	57.461
3.46596	55.1536
1.06692	5.52489
2.94325	43.1482
1.10979	6.41962
1.8079	20.8846
1.4562	13.373
1.61604	16.6546
2.74855	40.0135
1.88144	22.3012
2.05684	25.7545
1.16033	7.47977
2.13538	27.2375
2.12876	27.302
2.12566	27.1989
0.974545	3.60557
2.7211	38.7548
2.02777	24.8549
2.31672	30.7555
2.10917	26.8376
1.61136	16.6371
1.28305	9.88452
1.15744	7.2809
2.19262	28.6873
2.78952	40.6939
1.34043	11.0784
2.3672	32.0378
1.6954	18.5036
0.998914	4.12631
1.54247	15.2033
1.30828	10.2507
1.69107	17.9517
3.28701	51.0179
3.64512	58.2987
2.28049	30.466
2.01929	25.3806
2.28884	30.6858
1.90299	22.5556
2.65439	38.1402
1.29555	10.252
1.1383	6.96142
2.36424	32.1741
2.42882	33.4659
2.24342	29.5848
1.52237	14.8552
1.29025	9.76277
2.57989	36.1659
1.3384	11.0349
1.22358	8.78611
1.37781	11.8005
1.29187	10.1303
1.79443	20.4881
2.16387	28.0038
1.74781	19.8043
2.2084	29.0016
1.82741	21.0004
2.29315	30.6538
1.25037	9.34263
1.84749	21.3894
2.92973	43.5334
2.52662	35.2347
1.5964	16.3639
1.84904	21.0759
1.7174	18.6608
3.44893	53.3733
0.890179	1.71034
1.76506	19.8012
1.9229	23.1484
2.05625	25.7468
2.03706	25.3405
2.51001	35.2048
2.14018	27.6886
1.0255	4.64295
1.77411	20.0597
1.33585	10.9873
1.08779	5.92041
1.7836	20.2483
0.939719	2.80084
1.70924	18.6154
1.73989	19.4098
1.82171	21.0214
1.99981	24.7042
2.16379	28.0651
1.75333	19.6245
1.99359	24.7744
1.98117	24.3084
1.94328	23.4793
2.61532	37.0333
2.50593	34.9813
0.851793	1.30976
2.49415	35.2055
3.43641	53.7535
1.4516	13.1835
1.07135	5.54796
1.19535	8.10029
1.29721	10.4271
1.60786	16.6519
1.87953	22.1944
2.06898	25.9374
2.7299	39.5336
2.00394	24.7392
1.37708	12.1946
1.67329	18.0952
1.38035	12.0542
2.54502	35.7684
2.87893	42.7121
3.98269	66.0199
2.42114	33.0411
2.16959	28.4268
3.65805	58.7251
3.41167	53.1769
1.72148	18.7862
1.80839	20.7884
2.11466	26.7995
1.85994	21.6811
1.28187	9.66794
1.80793	20.5151
1.98567	24.2964
2.36664	31.9933
2.25396	29.7929
3.06997	46.6984
2.87682	42.5772
3.75404	61.2884
1.25773	9.25193
3.14607	48.1426
1.74264	19.3171
1.93021	23.2852
2.08008	26.2069
2.36015	31.9899
1.95567	23.7125
1.83919	21.2099
1.01237	4.18571
2.52999	35.6659
2.00801	24.7844
2.35748	31.8372
3.36534	52.4775
2.57128	35.8933
0.972907	3.76551
3.21631	49.3692
2.79294	41.1842
2.75279	39.7874
2.03321	25.238
1.50078	14.2448
2.01502	24.7974
1.70513	18.4909
2.10314	26.8267
2.00737	24.7479
1.28691	9.9736
2.56991	36.2049
2.20065	28.6171
1.78297	20.1429
3.64844	57.391
2.34182	31.7625
2.44298	33.4012
1.90702	22.565
1.64475	17.4712
1.59147	16.2209
1.86263	21.8966
0.82726	0.637641
1.59611	16.264
0.980373	3.68337
1.90826	22.8219
2.1049	26.6771
2.23103	29.2558
1.14315	6.99787
3.67679	59.215
1.8312	20.8379
2.9222	43.5215
1.96598	23.6813
1.26891	9.44065
2.30571	30.9254
1.95244	24.0529
2.18512	28.6
1.30835	10.5193
1.97746	24.138
1.00324	4.21971
1.84749	21.4718
2.28671	30.6728
2.48352	34.3535
2.21911	28.9989
1.36373	11.9342
2.13828	26.9654
2.50282	34.701
1.57144	16.2607
0.916291	2.50976
1.81212	20.7522
1.26674	9.63899
2.25157	29.9715
2.13296	27.5506
0.801795	0.0168157
0.77964	-0.442638
2.35099	31.7461
2.39088	32.5373
2.14663	27.7085
1.40045	12.3092
3.03716	46.34
3.22338	49.712
1.35277	11.63
2.31416	30.4889
1.56	15.6389
2.91038	43.2253
1.54326	15.6674
2.06403	26.1942
2.03576	25.4289
1.09503	6.12026
1.31268	10.4813
1.35027	11.3611
0.925037	2.54442
1.82246	20.8208
2.78023	40.663
2.37589	32.4882
1.15364	7.25652
3.13763	47.9705
0.997748	3.974
2.76701	40.0817
0.712316	-1.89142
1.76219	19.8921
2.08749	26.6901
0.849675	0.946212
0.895891	1.97546
2.42914	33.2753
2.19179	28.373
1.82807	20.9387
0.877163	1.61849
0.988332	3.84064
2.51163	34.5105
4.01682	65.9591
2.23841	29.8585
1.17921	7.66266
1.27089	9.69268
1.9556	23.7351
1.40887	12.5012
1.65757	17.6219
2.70225	38.9926
2.19877	28.719
2.26756	30.111
1.94338	23.321
2.28555	30.4903
2.4935	34.5856
2.81236	40.9939
2.56822	35.3932
2.71433	38.9853
1.17359	7.68105
1.6587	17.5973
1.65299	17.1943
2.05411	25.5771
1.23726	8.94078
2.35836	32.029
2.63123	37.4513
1.38569	12.068
1.20537	8.31808
1.40909	12.6024
0.821496	0.50815
2.40328	32.7329
2.10316	26.721
0.691892	-2.10101
1.18091	7.65504
2.78376	41.141
1.82289	20.4839
2.41622	32.7499
1.28672	9.76739
1.91157	22.8116
1.28206	9.76044
2.08781	26.4476
1.71041	18.6622
2.14224	27.7655
0.978811	3.66113
2.13047	27.1642
1.55837	15.5814
1.23078	8.86851
2.97479	44.5344
3.1743	48.4328
1.55081	15.2515
1.63132	17.1492
1.95482	23.1234
1.44391	13.5644
1.97864	24.2161
2.16258	28.2071
1.99436	24.5673
0.808231	0.191972
1.68729	18.1796
2.51421	35.3329
1.79776	20.5158
2.95395	44.0484
2.14568	27.5932
1.04328	4.94831
3.7241	59.8739
2.08699	26.1438
0.712175	-1.99441
1.45762	13.5192
1.46296	13.6077
1.48105	14.0588
1.2239	8.70563
1.69415	18.2485
1.74321	19.6334
1.47381	13.7483
1.99431	24.4783
2.58696	36.5264
1.43653	13.2116
1.35762	11.6358
0.888288	1.88084
1.64766	17.781
1.40748	12.3637
2.08811	26.2444
1.80095	20.6087
1.11785	6.64492
2.48464	34.7099
2.37225	32.1965
2.67338	38.3391
2.1892	28.3249
1.74332	19.3695
2.08688	26.3502
3.04229	45.857
1.71428	19.0786
3.15772	48.3429
2.05989	25.4682
2.11317	26.5413
1.25605	9.42659
1.90664	22.3221
1.29756	10.4174
1.85712	21.7351
1.1809	7.87455
2.26094	29.7368
2.1966	28.739
2.20731	28.9204
2.73018	39.486
2.23055	29.3794
2.20443	28.7325
1.16594	7.43001
2.40407	32.9017
3.21299	49.383
3.21861	49.4713
2.69477	38.7299
2.75871	40.4189
2.20087	28.8025
2.61376	37.2083
3.07877	47.1846
1.80716	20.5222
0.910641	2.19322
2.04124	25.5094
1.07296	5.57752
2.21807	29.1873
2.17795	28.2663
2.24355	29.6712
2.39432	32.5853
3.45704	54.5052
2.71302	39.2595
2.541	35.9634
2.92134	43.6814
2.04652	25.8065
0.810452	0.215448
1.19402	8.06555
0.841732	0.830918
1.45236	13.3082
0.828604	0.706824
1.50859	14.7629
2.75541	39.965
1.18093	7.81367
2.17141	28.2309
1.91842	22.8263
0.779281	-0.397922
3.49356	55.3668
2.5188	34.79
1.75176	19.9337
1.0331	4.80229
1.54345	15.0828
1.62899	17.169
2.62224	37.1142
1.77962	20.1576
2.07127	26.2041
0.781063	-0.361454
1.49569	14.4452
1.61851	16.7873
1.96981	23.8777
1.79572	20.3165
3.13009	47.6225
2.73821	39.7889
2.75996	40.0549
3.98634	65.8177
1.99944	24.6071
1.9379	23.3768
2.05952	25.907
1.90427	22.5629
1.57225	15.9254
1.69433	18.5984
1.69852	18.4542
1.7949	20.2964
1.87551	21.9263
1.37505	11.7909
1.55377	15.3743
2.02445	25.8709
1.27387	9.61115
3.56304	56.8867
3.04607	46.0533
1.85775	21.6311
2.07727	26.3861
1.6912	18.3634
1.62529	17.0289
1.0531	5.21447
1.67915	18.0879
1.77555	19.9855
1.72294	18.9407
1.01822	4.42279
1.72593	18.9128
1.33677	10.9842
4.01993	66.3461
3.46812	54.7795
2.95607	44.3013
2.77744	40.6571
2.42747	33.1389
1.17639	7.67227
1.47673	13.8391
1.06896	5.43096
1.63341	17.1747
1.09644	6.01523
0.852123	1.07164
2.02436	25.1631
2.23488	29.2453
1.87645	22.029
1.0843	5.78968
1.74004	18.9842
3.02372	45.644
2.45997	33.3059
2.42446	33.1363
1.24908	9.28395
1.64401	17.2967
1.31687	10.5751
1.64273	17.314
1.57836	15.9906
2.018	25.3155
0.79527	0.0188954
1.81409	20.7741
1.18339	7.86587
1.67567	18.0533
1.14294	7.06199
1.69669	18.2305
2.25591	29.3164
0.876667	1.45475
1.07908	5.75731
1.12185	6.52647
1.46408	13.7082
2.00821	24.8966
1.2472	9.24471
1.30216	10.1905
1.06735	5.39359
2.35962	31.7806
1.70536	18.5144
0.996067	4.05724
1.80082	20.4974
1.38237	12.0086
1.97604	23.4357
3.68249	59.6262
2.75916	40.2396
1.76741	19.869
0.919377	2.4245
1.47921	13.9175
0.723785	-1.44864
2.01539	24.5258
0.833217	0.636505
1.77795	19.936
1.13724	6.97483
1.46001	13.5726
1.81194	20.6286
1.12334	6.66008
1.28045	9.86645
2.50659	33.9156
1.70607	18.4313
2.13302	27.1323
1.78312	19.6102
0.923609	2.43287
2.14776	27.8111
1.0747	5.67656
1.57497	15.9258
1.23079	8.85513
1.41305	12.5754
2.1071	26.2505
2.00839	24.7355
1.2441	9.06195
2.30717	30.7227
1.06007	5.35286
3.12227	48.0064
0.712908	-1.75276
0.726154	-1.51585
0.901018	2.10573
1.70952	18.7825
0.871686	1.48016
1.31098	10.4576
0.751001	-1.06761
0.742103	-1.03723
2.02321	24.8183
1.99267	24.5161
1.62048	16.7753
1.18554	7.89739
1.24067	8.87785
0.950012	3.12903
1.79699	20.2323
1.89923	23.5754
1.36356	11.4235
1.41708	12.6171
1.20863	8.39044
1.33964	11.0732
1.58343	16.0549
1.34681	11.1488
1.45895	13.5113
0.710377	-1.88979
0.87951	1.76891
2.34986	31.6722
1.84842	21.3491
1.15599	7.21752
0.948337	3.0257
1.98387	24.7161
1.94365	23.1033
1.52606	14.8579
1.43217	12.8615
1.19414	8.06645
0.973726	3.6759
1.61994	16.9788
1.28135	9.86428
1.23883	9.25006
1.27424	9.76853
2.30696	30.9551
0.851085	0.918824
0.951594	3.11926
0.944481	3.03917
0.809981	0.180283
2.3683	31.4586
2.61907	36.5984
1.25644	9.34302
1.32719	10.8284
1.3481	11.1379
1.39016	12.1439
1.28178	9.7942
1.37536	11.7925
1.54864	15.3224
1.53426	15.0444
1.47599	13.9443
1.11799	6.51769
0.893929	1.89802
2.06452	25.9782
1.118	6.63969
2.70177	38.5147
1.66377	17.1972
3.20973	49.015
3.27831	50.7592
1.65973	17.5394
1.02637	4.63766
2.05915	25.8496
1.1317	6.66177
1.56951	15.6933
1.09796	5.91231
1.04252	4.92745
1.01289	4.34997
2.01532	24.889
1.93249	22.8011
1.68608	18.3302
