X	Y	Z
-6.37683	-8.8619	-7.42804
-7.35858	-8.86124	-8.03475
-4.48871	-8.86048	-6.90944
-4.91243	-8.03681	-6.59324
-2.95178	-8.86133	-8.06782
-1.58165	-8.86168	-8.03075
-0.917453	-8.8618	-8.04002
0.250868	-8.85753	-8.85518
1.1573	-8.86158	-8.08827
0.942826	-7.99042	-7.22872
3.48609	-8.86024	-7.40719
4.57722	-8.86228	-8.0547
4.42117	-8.86114	-6.38334
6.50915	-8.86172	-8.05836
7.09958	-8.85962	-6.85305
-8.86244	-8.86078	-8.41821
-5.98431	-8.86137	-6.84574
-5.28001	-8.86156	-8.07363
-3.35467	-8.85772	-8.85405
-2.60673	-7.21548	-8.84781
-2.45477	-5.60659	-8.83188
-2.29666	-4.77994	-8.8211
-1.54071	-6.41156	-8.84171
0.373591	-7.22947	-8.84779
4.81692	-4.81364	-8.82245
1.88075	-7.99152	-8.85336
3.84348	-8.86181	-8.066
5.18883	-8.86198	-7.98444
6.05895	-8.86077	-7.37307
7.03403	-8.85737	-8.85426
-8.84123	-6.91106	-8.84291
-8.86673	-8.8561	-8.87345
-6.07559	-8.85803	-8.85485
-3.80965	-8.85748	-8.85522
-4.18049	-7.21328	-8.84828
-1.55242	-8.8577	-8.85459
-1.10462	-8.85722	-8.85431
-0.201273	-8.85768	-8.85492
1.16393	-8.85778	-8.85598
1.61739	-8.85744	-8.85568
3.42663	-8.85723	-8.85458
3.87875	-8.85773	-8.85537
6.13046	-8.8579	-8.85455
7.93831	-8.85786	-8.85506
8.85445	-8.16938	-8.85509
-6.77295	-7.99692	-8.85349
-7.87698	-8.85768	-8.85451
-5.16939	-8.85745	-8.85513
-4.7168	-8.85761	-8.85478
-2.90421	-8.85779	-8.85493
-2.45297	-8.85722	-8.85443
-0.653083	-8.85763	-8.8544
-0.378002	-7.21567	-8.84789
0.70796	-8.85761	-8.85533
2.07671	-8.85734	-8.85563
2.97273	-8.85718	-8.85402
4.78341	-8.85751	-8.85442
5.23195	-8.858	-8.85369
6.69242	-7.99473	-8.85394
8.85934	-8.86094	-8.29806
-7.9663	-5.31548	-6.06717
-8.33632	-8.86013	-8.86239
-6.98016	-8.85762	-8.85435
-4.26383	-8.85748	-8.85467
-4.03964	-5.63367	-8.83332
-2.33188	-6.42809	-8.84175
-1.11596	-7.20486	-8.84839
-0.129915	-7.98915	-8.85263
2.37672	-6.47488	-8.84201
1.92974	-7.22947	-8.84783
4.01066	-7.20475	-8.00749
4.32854	-8.85712	-8.85459
5.67765	-8.85727	-8.85374
7.48691	-8.8578	-8.85431
8.83638	-6.32311	-8.8375
-8.83075	-5.57937	-8.83113
-8.00711	-7.2973	-8.84761
-7.23503	-7.14498	-8.84741
-5.43079	-7.98743	-8.85314
-4.11033	-7.98123	-8.85307
-1.42578	-4.76993	-8.82234
-2.68041	-4.45005	-6.53146
-0.795392	-7.98856	-8.85256
1.21193	-7.99279	-8.85335
0.838911	-5.63638	-8.83424
3.26916	-4.76881	-8.82039
3.9172	-7.99159	-8.85355
7.19724	-5.63642	-8.83269
8.07686	-4.80933	-8.82309
7.24653	-7.22036	-8.84697
-8.81858	-4.71957	-7.33395
-6.52568	-8.85749	-8.8544
-6.09705	-7.98686	-8.85338
-4.97584	-7.21912	-8.84817
-3.12224	-6.47649	-8.84213
-3.45181	-7.98977	-8.85316
-0.656656	-8.00243	-5.92939
0.544495	-6.36157	-7.98048
0.184942	-4.51772	-8.06749
3.16304	-6.46582	-8.84155
3.99929	-5.6506	-8.83361
3.23397	-7.99161	-8.85316
5.30294	-8.0031	-8.85313
6.36486	-6.47673	-8.84147
8.82007	-4.96833	-8.82145
-8.84677	-7.53397	-8.84819
-8.01592	-4.47784	-8.05087
-6.35807	-6.49236	-8.84206
-4.76696	-7.97987	-8.85321
-3.30584	-8.03117	-8.02422
-3.17782	-4.82681	-8.82423
-2.33882	-7.18938	-8.01793
0.0196329	-5.63481	-8.83456
3.92227	-6.34896	-7.97704
2.70942	-7.23542	-8.84804
5.60678	-7.2096	-8.00692
4.99118	-8.02983	-8.00603
7.17383	-6.45128	-8.84141
7.98979	-5.72363	-8.83485
8.84698	-7.57879	-8.848
-7.95134	-5.39853	-6.98837
-8.08214	-8.01947	-7.12591
-5.54242	-6.4658	-8.84079
-3.92366	-6.45781	-8.84164
-4.72807	-6.47238	-8.84209
-2.7369	-4.4538	-8.15941
0.126546	-4.3485	-6.57745
0.908587	-4.77218	-8.82047
1.69239	-4.76615	-8.82054
4.81299	-5.67573	-8.83367
4.7554	-6.31285	-7.99177
5.74053	-7.24337	-8.84794
4.61157	-7.9987	-8.85313
6.49971	-8.02077	-8.05098
7.93632	-4.51092	-8.06538
-7.22545	-5.75428	-6.36057
-7.32031	-4.59765	-8.7198
-7.27523	-5.47247	-8.83254
-4.95957	-4.81883	-8.82369
-5.66087	-5.67329	-8.83388
-2.8548	-6.22266	-7.19605
-1.43326	-7.97304	-7.28434
-0.747774	-6.42723	-8.84164
1.66174	-7.1728	-7.99264
2.27344	-6.30162	-7.99048
6.43016	-7.18765	-7.99692
5.55561	-6.48237	-8.84103
6.42209	-4.80046	-8.82308
7.9887	-6.53461	-8.84309
7.99012	-6.24445	-7.18682
-7.98811	-5.46196	-7.90919
-7.98228	-6.57149	-8.8433
-7.17255	-6.33793	-8.84172
-4.85072	-5.6694	-8.83451
-4.77209	-7.22365	-8.02655
-3.2501	-5.65908	-8.83291
-1.21407	-6.37913	-8.0099
1.53961	-4.47756	-7.21052
2.02245	-4.4865	-8.06462
2.48318	-4.75489	-8.82038
4.80201	-7.20004	-8.00099
4.75354	-6.49164	-8.84194
5.82717	-4.44982	-8.16407
8.842	-6.46793	-7.23403
8.00028	-8.00025	-7.25354
-7.08253	-6.18019	-7.2012
-6.28301	-6.39519	-7.14984
-6.47587	-5.68296	-8.83483
-5.98034	-4.46783	-7.52563
-4.10558	-4.80627	-8.82157
-1.77699	-4.46204	-8.18522
-0.622055	-4.76511	-8.82161
0.0399909	-6.45171	-8.84132
0.141247	-4.77501	-8.82166
3.45838	-5.42266	-7.97379
3.19659	-5.64067	-8.83335
4.82631	-4.47961	-8.1089
5.61472	-5.68441	-8.83309
6.40765	-5.65771	-8.83381
7.09724	-5.37791	-6.22564
-6.92865	-7.37206	-6.43943
-7.04866	-5.2391	-7.08677
-5.81575	-4.83114	-8.82254
-4.03771	-4.46919	-7.50698
-5.01412	-4.41077	-6.29271
-3.64597	-4.44163	-8.27997
-2.2665	-4.47133	-7.38494
-0.782782	-4.50294	-8.09426
2.4121	-5.635	-8.83406
4.04575	-4.78472	-8.82082
3.88778	-4.48647	-8.065
5.59876	-4.81486	-8.82315
7.29311	-4.80515	-8.82045
6.0434	-5.28135	-7.10841
8.00015	-7.25522	-7.99851
-6.73461	-8.86079	-6.78174
-5.84514	-5.15129	-6.36212
-5.53618	-4.44632	-8.21398
-6.29139	-5.45973	-7.97719
-4.61538	-7.09657	-7.24999
-4.64662	-4.43176	-8.15584
-1.96025	-5.42419	-7.90591
-1.3602	-4.46104	-7.40552
1.52883	-5.42552	-7.95
3.10433	-6.32104	-7.97828
3.85264	-5.21891	-7.08326
5.36628	-5.41234	-7.97218
4.83348	-5.28609	-5.56775
4.76948	-5.30933	-7.21036
6.26966	-5.3944	-7.95546
-6.19508	-5.3866	-7.16814
-6.29615	-5.96569	-6.43253
-5.76743	-4.28586	-6.67976
-5.40944	-6.54999	-6.45428
-4.37526	-5.38492	-7.13062
-1.84871	-5.35057	-6.98077
-0.981907	-5.34632	-7.13205
0.639845	-4.45037	-7.28027
1.11772	-4.49844	-8.06117
2.93065	-5.37318	-7.19941
3.76867	-6.67715	-6.5262
5.55783	-6.36498	-7.94581
5.37523	-8.86077	-7.33166
7.2285	-7.17202	-6.15355
6.45065	-7.95542	-7.31436
-7.90553	-8.86093	-7.4667
-6.36532	-8.86206	-6.23323
-4.93375	-8.03466	-5.84375
-4.13165	-8.86122	-6.29558
-4.01621	-8.04622	-5.92717
-1.29306	-8.86195	-5.41531
-1.0892	-7.25574	-4.86128
-0.735915	-7.23535	-8.0053
1.11426	-8.86128	-6.27887
1.84383	-8.86046	-6.45845
2.41261	-8.00225	-4.94914
3.68772	-8.86145	-6.2133
4.86737	-8.86211	-5.83339
6.23064	-8.8612	-6.03316
7.94456	-8.86263	-8.09027
-7.95179	-8.86185	-6.24131
-3.91261	-8.01598	-4.68212
-5.56894	-8.86129	-6.28541
-4.84483	-8.86203	-6.26275
-2.19055	-8.86085	-6.74404
-1.90263	-7.99392	-4.83509
0.611505	-8.86072	-6.82864
0.142993	-8.8609	-7.42212
1.35793	-8.86087	-6.91953
0.920217	-7.23435	-6.46639
1.67621	-8.02017	-5.08381
4.22643	-8.86108	-7.49929
5.09442	-8.86177	-6.54127
6.7544	-8.8618	-5.468
8.07888	-8.86165	-6.81332
-8.85426	-8.13447	-8.856
-6.67357	-8.8612	-5.63766
-7.98945	-6.1659	-5.63599
-3.01764	-8.86104	-6.91982
-2.25324	-8.86126	-8.04778
-1.22439	-8.86063	-7.356
-0.548934	-8.86062	-7.38809
-0.242129	-8.86173	-8.05163
0.449087	-8.86181	-8.06622
2.52468	-8.8615	-7.98595
3.16709	-8.86157	-8.04302
3.96559	-8.86067	-6.8724
6.7568	-8.86021	-7.45387
5.57447	-8.86151	-5.9757
8.40239	-8.86069	-8.85945
-8.8535	-8.85821	-7.96779
-8.03051	-8.86145	-8.05151
-5.21637	-8.86117	-6.89337
-5.62343	-8.85736	-8.85417
-5.59359	-7.20573	-7.99728
-2.00002	-8.85764	-8.85421
-1.85349	-7.19873	-8.84822
-1.53427	-7.20842	-8.00547
1.14919	-7.22926	-8.84829
2.52767	-8.85794	-8.85438
3.95585	-6.46102	-8.84161
7.1567	-6.34674	-7.97995
5.83635	-8.86226	-8.03646
7.48585	-8.861	-7.39184
8.85515	-8.85896	-7.81992
-8.85193	-7.96662	-7.47258
-7.40436	-8.86137	-6.7644
-7.14163	-6.35474	-8.00834
-5.6918	-8.02849	-6.42364
-4.87993	-8.8608	-7.51023
-1.89861	-8.86029	-7.36622
-2.68634	-5.35576	-6.97479
0.849225	-8.86105	-7.46443
3.20821	-7.19679	-7.9948
2.14125	-8.86005	-7.1984
2.45808	-7.97826	-7.27148
5.34847	-4.50817	-7.39091
4.74898	-8.861	-7.13467
7.26109	-4.50081	-7.50187
8.83095	-5.65569	-8.83113
-8.84762	-7.23297	-8.04279
-6.69423	-8.86148	-8.04335
-7.43089	-8.85765	-8.85457
-5.63036	-8.8608	-7.46022
-3.72139	-8.8614	-8.08911
-4.49913	-7.97287	-7.31558
-2.12941	-7.98582	-8.85334
3.47341	-7.22931	-8.84772
1.593	-6.46767	-8.84153
2.55517	-7.99316	-8.85303
4.22837	-7.23808	-8.84839
6.58292	-8.85774	-8.85507
8.01893	-7.28269	-8.84828
5.70102	-8.04356	-5.9597
8.87046	-8.85741	-8.86224
-8.85482	-8.85746	-6.68073
-8.0866	-8.02089	-8.852
-5.67237	-8.0297	-8.02572
-4.51081	-8.86158	-8.0898
-3.77027	-8.86045	-6.93256
-2.54443	-8.02154	-8.02836
-0.810547	-5.61634	-8.83459
-0.627546	-7.96887	-7.3081
1.05832	-8.00961	-5.68292
2.80713	-8.02464	-8.01859
1.69317	-7.98022	-7.24005
3.52719	-8.02467	-8.01422
8.84205	-6.96149	-8.84297
8.05666	-8.00675	-8.85373
8.85602	-8.85904	-6.82803
-8.81756	-4.89802	-8.81684
-6.00003	-8.86151	-8.05603
-8.83629	-6.26825	-8.83736
-5.97322	-7.99817	-7.19812
-4.12345	-8.86065	-7.53283
-3.39222	-7.22548	-8.84818
-2.36871	-7.14716	-6.51859
0.815426	-6.46264	-8.84133
0.625728	-5.49124	-7.97087
3.92947	-7.06872	-7.24739
2.0735	-8.01312	-8.02483
4.25357	-8.02972	-8.03227
7.97405	-5.48069	-7.95541
7.13115	-5.44309	-7.92891
8.81591	-4.70067	-8.22557
-7.21001	-8.02376	-8.05649
-7.98121	-6.4089	-8.00531
-6.51024	-7.24063	-8.84751
-7.42803	-7.96059	-8.85249
-1.74378	-8.03707	-6.39777
-2.15964	-7.97866	-7.27759
-1.53059	-7.22983	-6.43708
-0.378711	-7.10131	-7.23488
-3.76977	-7.0827	-7.23726
3.33624	-7.3332	-6.37209
1.40705	-7.13641	-7.21281
6.00007	-7.99664	-8.85404
7.2679	-8.02858	-8.02268
5.73156	-8.03046	-8.0413
8.11534	-8.86161	-7.4946
-8.83277	-5.54809	-7.1785
-8.07571	-8.86068	-6.87834
-8.07051	-4.84892	-8.82508
-7.19898	-7.20049	-8.00509
-4.46658	-8.86136	-5.65312
-2.79172	-7.98366	-8.85316
-1.4638	-7.98056	-8.85316
0.0658719	-7.22328	-7.99266
1.84239	-7.95795	-5.80567
2.27013	-7.1371	-7.20163
6.17221	-8.04286	-6.67324
6.49364	-7.23613	-8.84755
7.98221	-6.40363	-8.00095
6.09674	-8.86161	-5.33369
7.36876	-7.99018	-8.85315
-8.84164	-6.46167	-8.02155
-7.1593	-7.09631	-7.21731
-8.0085	-5.77761	-8.83376
-5.7422	-7.22282	-8.84733
-5.2827	-7.94469	-7.28159
-2.92868	-7.97199	-7.26927
-1.79898	-4.46957	-6.51889
-1.20607	-7.10948	-7.21147
1.34052	-8.00893	-8.01374
2.43799	-7.17831	-7.99909
2.50895	-8.86153	-6.62153
6.34318	-6.29109	-7.98211
5.744	-4.37031	-6.6531
8.85289	-8.01577	-7.44175
8.84833	-7.26936	-8.03222
-7.98086	-7.1526	-7.19515
-7.19375	-8.04247	-5.74437
-4.98163	-7.99319	-4.04999
-5.90415	-7.26775	-6.4877
-4.0915	-8.03262	-8.03413
-3.96845	-7.19035	-8.01376
-0.988475	-8.03953	-8.03224
-0.200066	-7.96291	-6.61133
0.875989	-7.19333	-8.01527
3.03176	-6.2582	-7.1451
3.22075	-8.86084	-6.7614
4.70266	-8.01522	-7.25809
2.58703	-8.01641	-5.78686
8.0325	-7.98809	-5.79425
8.81668	-4.6453	-6.67346
-7.43398	-4.48153	-6.51357
-7.39117	-7.96657	-7.28598
-2.85817	-8.00638	-3.60126
-4.89699	-8.04408	-8.03235
-5.40018	-5.44254	-7.9651
-2.01121	-6.22825	-7.19433
-1.12948	-5.47133	-7.97442
0.635425	-8.02024	-6.4563
0.598061	-8.02723	-8.01828
2.1894	-7.98101	-6.53919
4.39151	-5.44993	-7.97222
3.10279	-7.11572	-7.18444
4.77707	-7.21982	-7.18116
6.55801	-8.02038	-5.29812
7.9509	-5.44725	-6.24075
-7.33169	-4.48882	-4.65499
-5.04916	-5.58868	-6.3629
-5.28676	-5.86766	-5.01173
-4.51905	-7.32557	-5.72477
-2.42288	-8.07239	-2.97354
-3.30196	-8.0412	-6.57266
-1.15689	-6.22593	-7.21651
-0.621331	-7.26681	-5.65515
-0.330222	-6.38462	-7.99868
1.39925	-8.01386	-6.47105
1.75838	-7.17346	-6.4463
6.35935	-4.39499	-5.77768
7.14789	-6.36134	-6.31423
7.20283	-7.98393	-7.23789
6.59106	-7.25641	-6.57284
-5.6162	-6.03588	-5.80859
-7.37798	-8.86162	-4.63497
-3.90364	-6.72579	-5.74024
-4.93615	-7.25251	-6.49053
-5.44544	-7.06289	-7.23548
-1.1548	-8.01553	-4.81132
-2.01312	-7.10925	-7.2375
0.120597	-7.11531	-6.53632
1.09104	-5.404	-5.73846
3.48723	-4.31976	-5.66481
4.39637	-6.47982	-5.85262
5.60434	-6.47433	-6.5759
4.92391	-6.93258	-6.33133
6.13872	-7.38945	-5.43703
7.17598	-6.29715	-7.13079
-7.33488	-8.86134	-3.9071
-5.47195	-8.86128	-4.92896
-4.07144	-8.86216	-4.99051
-3.59537	-8.86136	-4.39475
-2.33962	-8.86196	-5.7539
-1.98779	-7.09099	-4.92159
0.14478	-8.86114	-5.54444
0.873056	-8.86061	-5.62825
1.58709	-8.86087	-5.75012
2.2711	-8.86071	-5.9029
2.4756	-8.86168	-4.683
3.66274	-8.86234	-4.31553
3.42007	-8.86035	-3.61
5.33569	-8.86143	-5.29855
6.2353	-8.86058	-4.29633
-6.80197	-8.86155	-4.93205
-6.15541	-8.86161	-5.09242
-4.96657	-8.86072	-4.40233
-5.88223	-8.8617	-5.69179
-6.50324	-4.24515	-6.09201
-1.76085	-8.8619	-6.05157
-0.801581	-8.86049	-6.72205
-0.471923	-8.03801	-5.13979
0.998109	-6.47809	-6.1898
2.97622	-8.86166	-6.08038
4.98562	-7.2562	-8.84802
3.05995	-8.01764	-4.46587
5.06109	-8.03807	-4.12045
6.67476	-8.8613	-4.77647
8.05456	-8.86223	-5.3154
-8.85317	-8.85766	-6.25367
-7.32048	-4.46299	-7.63088
-5.52344	-7.34935	-5.75146
-5.55072	-8.03716	-5.42699
-2.58537	-8.86055	-7.42638
-1.05729	-8.86148	-6.05921
-0.103875	-8.86	-6.77189
2.39685	-5.46413	-6.44522
0.411582	-6.01196	-6.36473
2.49215	-5.42266	-7.97493
4.35743	-4.39029	-7.31323
6.48661	-7.96011	-4.54111
4.96581	-8.02212	-5.49619
8.17614	-4.43294	-7.18673
8.00805	-8.03093	-6.52602
-8.85319	-8.85692	-5.39404
-7.3696	-8.86214	-5.42667
-4.30262	-8.86116	-4.31101
-5.95026	-5.16135	-5.37524
-3.1744	-7.19292	-8.01704
-1.03665	-7.99863	-6.61465
-2.97089	-6.31965	-8.00278
-0.175357	-8.03599	-8.0201
1.97629	-4.51597	-6.33458
3.23104	-7.96758	-7.21661
3.9454	-7.94518	-7.23571
4.70218	-8.01534	-6.18873
4.36128	-8.86139	-4.44329
7.37824	-8.8615	-4.34812
8.85512	-8.85895	-6.34355
-8.85441	-8.85747	-7.12003
-8.01816	-8.06331	-7.97967
-4.76189	-8.86115	-5.03365
-6.30106	-6.35263	-7.98809
-3.76363	-8.86086	-5.65923
-3.18231	-4.45204	-7.35255
-3.62352	-5.41227	-7.92584
-0.25765	-5.49419	-7.96968
2.94442	-4.48707	-8.06713
3.51234	-5.92885	-6.27778
3.19399	-8.86154	-4.85407
5.35858	-6.02423	-5.94629
3.98595	-8.06425	-6.52079
6.90048	-8.86075	-6.17438
8.84228	-6.49918	-8.02063
-8.84599	-7.15024	-7.30939
-8.85259	-8.85814	-7.54896
-6.42237	-8.03223	-8.03225
-6.66341	-4.37564	-6.97485
-5.20283	-8.86175	-5.61767
-2.09716	-6.32772	-8.0049
-1.77433	-8.02958	-8.04632
-1.64978	-5.59838	-8.83293
1.63421	-5.63257	-8.83325
1.59157	-8.86077	-7.53913
5.27371	-5.27375	-6.46536
7.20594	-7.20283	-7.97613
6.33828	-7.03423	-7.23167
8.85768	-8.85874	-7.31942
8.85364	-8.0261	-8.10203
-8.85314	-7.96377	-6.17327
-8.84603	-7.18655	-6.60827
-7.26836	-8.01588	-4.99507
-6.25808	-8.01977	-5.78881
-4.61102	-6.23584	-7.18619
-7.17248	-5.44366	-7.94583
0.611333	-8.86109	-4.97158
-0.696283	-7.14566	-6.46086
-0.344922	-8.86137	-6.1249
2.78635	-8.86056	-7.34457
2.41544	-8.03031	-3.28423
4.15518	-8.86171	-5.68251
5.74636	-8.8609	-6.69045
7.35602	-8.86169	-5.00735
8.85356	-8.0398	-6.10559
-8.8413	-6.38731	-5.64636
-8.8211	-4.73512	-8.12418
-7.18065	-8.86166	-6.10521
-4.32395	-4.36705	-6.73178
-6.39475	-7.21836	-7.98751
-3.82498	-6.30282	-7.98785
-6.53335	-8.02999	-6.46261
0.540444	-7.99407	-8.85325
2.62378	-4.45522	-5.65564
1.91173	-8.86171	-8.08207
2.72473	-8.86109	-5.38228
5.45478	-5.95962	-7.18618
4.629	-8.86294	-5.14371
7.21991	-8.86179	-8.0535
8.8474	-7.24964	-7.27872
-8.83942	-6.31342	-4.90101
-8.85218	-7.97412	-6.8251
-6.6882	-8.00721	-7.2641
-6.58454	-4.77761	-8.82342
-3.06559	-8.86191	-5.69885
-2.8644	-7.10303	-7.29574
0.962343	-5.99154	-4.5141
0.380949	-8.86131	-6.18812
-3.35493	-8.86068	-7.52154
3.43376	-8.86115	-5.53526
2.73966	-7.22926	-5.5856
5.63377	-7.95928	-7.31276
7.99526	-7.14741	-7.2088
8.85267	-8.01664	-6.78224
8.85623	-8.85863	-5.84619
-8.82062	-4.74277	-6.50373
-8.83453	-5.64004	-7.98997
-6.63306	-4.48449	-8.08735
-7.12109	-8.86133	-7.39666
-5.46664	-6.07353	-7.14211
-2.78469	-5.41121	-7.90991
-2.17262	-5.08978	-5.80797
-2.44231	-7.98646	-6.57256
3.37112	-4.40201	-7.28404
2.56044	-7.12733	-6.40155
4.70048	-6.40547	-7.16188
2.96881	-8.04584	-6.52432
6.41719	-8.86088	-6.74802
8.82421	-4.85706	-7.47551
8.83284	-5.68321	-7.15587
-8.84155	-6.38658	-6.44174
-8.00372	-7.28138	-7.98471
-6.46904	-7.28816	-5.53854
-4.51532	-5.41695	-7.9773
-2.67346	-8.86244	-6.33234
-1.50327	-8.86093	-6.69112
-3.70801	-7.95554	-7.29979
1.42174	-6.30994	-7.98586
0.540785	-7.17265	-7.253
2.86236	-4.3492	-6.51426
3.8879	-6.07139	-7.18723
5.73558	-8.06827	-5.17251
7.20151	-8.00668	-6.52155
7.96746	-7.2099	-6.44489
8.84697	-7.2579	-6.53411
-8.83168	-5.58057	-6.36674
-6.50588	-7.9956	-5.09012
-6.49645	-5.89912	-5.50153
-5.99997	-8.86248	-4.45125
-3.35441	-8.86164	-5.04569
-1.61204	-7.28878	-5.64608
-3.05394	-6.41919	-6.3695
0.84809	-5.37826	-7.17321
0.498238	-6.32495	-7.13313
0.994451	-8.01843	-4.71417
4.17571	-7.31014	-5.57585
5.20476	-8.02806	-6.70968
5.56136	-7.0778	-7.21646
8.00567	-7.11105	-5.62925
8.83654	-6.02433	-5.89463
-8.00478	-7.12806	-5.68497
-6.42076	-7.3215	-2.56834
-4.84003	-5.15208	-4.62529
-2.00359	-7.64849	-2.50796
-5.04127	-5.10469	-5.57934
-4.08591	-7.10302	-6.4863
0.00596237	-5.23269	-5.44198
-0.483335	-6.12944	-6.3718
1.92439	-5.37828	-7.19947
2.70985	-6.3299	-6.36227
4.22294	-5.23228	-6.18792
3.46715	-7.31216	-4.96618
5.61024	-7.41309	-6.41154
7.99818	-7.21733	-4.8054
7.94986	-6.29384	-5.53394
-8.01017	-7.21103	-4.89299
-6.46174	-8.04283	-4.31001
-2.63826	-7.29296	0.407908
-2.48525	-7.2959	-5.76942
-2.09755	-8.02911	-5.60532
-1.32783	-8.0262	-5.6335
0.123508	-8.01646	-5.88704
0.182296	-7.98245	-7.25081
-0.183538	-7.22854	-4.93267
1.13361	-7.17267	-5.61952
3.50312	-7.99094	-5.92489
4.33303	-8.02934	-2.88788
3.24943	-4.35575	-2.83513
5.14234	-7.25961	-5.64354
6.68856	-5.25748	-5.3397
-6.51745	-6.10291	-3.94392
-7.28024	-8.03132	-4.19686
-5.35064	-7.26162	-4.00186
-4.0907	-5.22955	-5.25541
-4.11327	-7.96984	-6.62126
-4.18923	-4.33586	-5.75175
-3.29309	-5.14446	-6.00793
-0.305229	-6.24607	-7.17185
2.00121	-5.34175	-5.7101
4.45341	-4.37711	-5.66932
4.83028	-6.14516	-5.20632
4.2754	-7.43674	-4.40715
2.43379	-8.01944	-4.05051
5.58746	-6.69556	-5.39467
6.79584	-6.75547	-5.42817
-8.00495	-8.86146	-3.71711
-6.13456	-8.86227	-3.76129
-5.4814	-8.86109	-3.33342
-3.87432	-8.86148	-3.74908
-1.83201	-6.20731	-1.69986
-0.308005	-7.30702	-2.63411
0.357034	-8.86149	-4.31461
-0.28376	-7.09848	-4.15618
0.864364	-8.86064	-3.73184
1.99671	-8.8612	-3.33031
3.16574	-8.86141	-2.91985
4.12361	-8.8604	-3.75693
4.83417	-8.86172	-3.89258
7.24103	-8.02208	-4.85976
6.80222	-8.86048	-3.97971
-8.85406	-8.85835	-3.6728
-5.73994	-8.02821	-3.89771
-5.4602	-8.8614	-3.99623
-3.50581	-6.9778	-1.85626
-3.31349	-8.04599	-2.7832
-3.24286	-8.00111	-4.33914
-0.823962	-8.8615	-4.81373
-0.338739	-8.86108	-4.22769
0.589583	-6.77092	-5.01073
2.02648	-8.86097	-5.19202
2.95647	-8.86141	-4.16371
3.90552	-8.86223	-5.00486
5.08739	-8.02535	-3.16803
6.13596	-5.27852	-6.18141
8.85478	-8.85889	-4.37874
-8.85382	-8.85861	-4.10532
-7.36632	-8.86059	-3.1475
-6.16304	-6.13001	-4.70793
-4.66576	-7.14175	-4.88003
-3.19851	-8.86188	-3.73434
-1.35346	-8.02363	-4.04744
-1.727	-8.8608	-3.98169
-0.461796	-6.46692	-4.92972
0.869015	-8.06905	-2.97844
1.07248	-8.86148	-4.40211
2.72895	-8.86181	-3.47975
7.21837	-7.1936	-4.42777
5.06083	-8.86083	-4.59193
6.09816	-8.86105	-3.59559
8.00445	-4.45139	-5.16068
-8.85381	-8.85725	-4.968
-8.85362	-8.85752	-5.82711
-6.66562	-5.23892	-4.73398
-6.27611	-5.24209	-3.64224
-1.5019	-8.8605	-4.67882
-2.93055	-6.45616	-3.65119
-0.334882	-4.34342	-5.04826
2.086	-4.42137	-5.046
1.09348	-4.47329	-6.42233
3.20304	-5.16034	-6.27167
5.70531	-5.30566	-5.32936
0.380013	-5.89384	-2.67349
6.86534	-4.45356	-8.25163
8.11518	-8.86193	-6.00025
8.85522	-8.85921	-4.87023
-8.85376	-8.85778	-4.54007
-7.93568	-7.2677	-6.44089
-7.94634	-6.26616	-7.22013
-5.45527	-7.23531	-4.86502
-2.73234	-7.99094	-5.03363
-2.84138	-8.05577	-5.90782
-3.23313	-7.18019	-6.58559
-1.27617	-6.36976	-6.4082
2.25567	-4.33397	-4.18543
1.95358	-7.30133	-4.05162
1.35315	-5.45995	-6.51207
6.35885	-6.07772	-6.26893
4.92441	-7.28842	-2.8086
6.61483	-4.46013	-6.61678
8.85547	-8.85955	-3.88917
-8.85251	-7.98923	-5.51835
-8.01923	-8.86108	-5.64215
-6.71374	-5.09654	-6.06695
-5.65713	-4.37604	-4.72261
-5.01688	-4.33043	-7.36247
-1.93913	-8.86148	-5.21829
-3.50993	-5.32011	-7.01275
-1.92258	-5.19581	-4.90635
2.42433	-4.47596	-7.23358
1.75631	-8.86262	-4.47369
3.50543	-6.87744	-5.6777
3.89871	-5.96764	-5.43016
6.96373	-5.40205	-7.06987
7.60355	-8.86133	-6.41055
8.85613	-8.8592	-5.35535
-8.84651	-7.16261	-5.90151
-8.00761	-8.86115	-5.00037
-6.70478	-8.86135	-4.24647
-7.37719	-8.02178	-6.48552
-3.42291	-8.86074	-6.31079
-5.48119	-6.35192	-7.95539
-2.10871	-6.34797	-6.3675
0.483433	-8.04723	-4.00206
2.9578	-6.25941	-5.56348
4.76635	-4.41579	-6.54179
2.22791	-8.86142	-4.00353
3.72631	-8.03908	-3.94443
7.45718	-4.47224	-6.63579
8.02495	-8.03003	-5.07482
8.85344	-8.03172	-4.00666
-8.85317	-7.94299	-4.85742
-8.0244	-8.00703	-3.89396
-8.21458	-4.39757	-6.11637
-4.2195	-8.02575	-4.00775
-4.88724	-4.28083	-5.18763
-0.105867	-8.8613	-4.88924
-4.51778	-6.3461	-6.36632
-0.34464	-4.43863	-7.34014
2.16947	-6.28496	-7.18267
1.29672	-6.28653	-7.16414
-0.466953	-8.02999	-0.924229
7.21433	-7.15075	-7.14863
6.34823	-4.43503	-7.48369
7.98775	-6.33985	-6.37462
8.84888	-7.34773	-4.11277
-8.84489	-7.02099	-4.52166
-8.85261	-7.99022	-8.11162
-7.29995	-5.30339	-5.39291
-5.94083	-6.70651	-5.3051
-6.28352	-7.2743	-4.63454
-2.58417	-6.4169	-4.62134
-3.02754	-6.67499	-5.56954
-0.0732799	-7.99604	-4.50511
-0.592122	-5.871	-5.5094
4.28946	-7.35603	-6.45451
1.35212	-7.24345	-4.83878
3.16918	-8.00056	-5.25674
7.27455	-8.00531	-5.71421
8.03091	-8.05627	-8.02092
8.84752	-7.30839	-5.81404
-8.83165	-5.52859	-5.5685
-8.84023	-6.36173	-7.23091
-8.09715	-4.46975	-7.12076
-3.60364	-8.01603	-3.56334
-6.32445	-7.18252	-7.18361
-0.667148	-5.2504	-6.30464
-0.573883	-8.86184	-5.46791
0.3505	-7.30619	-5.64471
1.77459	-6.27443	-6.39553
0.594144	-7.35856	-4.45255
4.55716	-5.97551	-6.47683
5.27359	-7.56528	-4.78994
8.83142	-5.44687	-6.43995
7.4419	-8.86117	-5.69199
8.83492	-5.67003	-7.98748
-8.83924	-6.22263	-4.11051
-8.01054	-8.01152	-5.44712
-6.31664	-5.97297	-2.99229
-4.40962	-7.99715	-5.23255
-4.66202	-6.33851	-7.99592
-3.44867	-8.0417	-5.32394
-5.22115	-5.14182	-7.15716
-1.3542	-4.35773	-5.8437
-0.0285262	-6.6405	-5.8695
0.418429	-8.01426	-5.1768
3.67459	-7.04221	-4.03534
4.64252	-8.06369	-4.76963
6.5007	-7.06777	-3.84441
8.05167	-8.86238	-4.6601
8.84395	-6.68081	-5.47739
-8.1337	-4.45082	-5.18938
-8.02731	-8.01218	-3.13592
-4.22893	-8.8611	-3.23264
-4.04577	-8.05079	-2.18422
-3.42396	-7.47686	-5.87479
-2.09525	-6.49964	-5.55828
-0.0678836	-5.34204	-7.15144
-1.02466	-8.86101	-4.12002
1.67051	-8.04164	-3.20055
2.4248	-6.67046	-3.90785
3.05475	-7.2464	-2.48372
6.55614	-7.97263	-6.05009
5.75123	-8.86049	-4.75833
7.95701	-5.38855	-3.57311
8.81723	-4.59995	-5.01832
-8.82077	-4.72398	-5.57452
-7.9556	-5.41161	-4.09748
-4.94498	-8.00346	-4.78532
-5.91151	-7.36286	-3.36725
-5.01835	-6.69202	-5.58422
-1.03294	-5.0594	-5.38338
-1.78387	-4.29706	-5.17781
-0.131617	-4.33911	-4.11575
3.0339	-4.33627	-3.82004
4.48986	-5.27356	-4.78327
3.62567	-5.26418	-4.38277
3.85785	-8.03299	-4.7204
7.99134	-6.36272	-4.73119
6.47635	-7.97813	-3.78715
8.82091	-4.63874	-5.86262
-7.93777	-6.40427	-4.87103
-7.21179	-7.12496	-3.19202
-4.84414	-7.18675	-2.25225
-4.7961	-6.70949	-3.75274
-1.82916	-4.352	-4.22259
-2.85076	-7.23322	-4.98298
-0.702951	-7.99589	0.551807
0.456919	-6.63264	-4.02926
1.35294	-4.36762	-4.55155
2.77093	-5.14886	-2.6317
2.86721	-7.97778	-2.61547
4.47139	-5.16721	-3.8166
4.91597	-7.32677	-1.87353
8.00721	-8.01702	-4.34693
7.8862	-5.33688	-5.38134
-7.99166	-5.40865	-4.97267
-5.77577	-5.28246	-4.41581
-6.06228	-6.82936	-4.05135
-4.83806	-4.31333	-4.20835
-4.51861	-5.8975	-4.26441
-3.74305	-5.99169	-6.34619
-3.03315	-5.17004	-5.02225
-0.9736	-5.56348	-4.58876
3.69537	-5.16612	-5.34637
3.2715	-5.98967	-4.68766
3.86525	-6.58797	-4.77362
5.12566	-5.93973	-3.90258
5.71766	-6.94876	-4.55622
2.95691	-8.00784	-1.82045
7.24381	-7.98365	-3.34539
-8.02703	-8.86166	-2.46559
-6.79806	-8.86185	-2.74265
-6.1654	-8.86199	-3.06604
-3.61401	-8.86146	-2.2327
-2.16691	-7.20869	-1.47163
-1.23772	-7.24795	-1.49806
-1.53685	-8.86063	-2.83581
-0.00158797	-8.86224	-2.96484
0.792583	-8.86223	-3.11138
1.60149	-8.86347	-2.84349
4.32859	-8.86181	-2.52759
3.88138	-8.86026	-3.07733
5.0219	-8.86204	-2.67288
5.54363	-8.86121	-4.04544
8.07903	-8.86157	-3.2758
-8.85362	-8.04249	-2.73298
-6.79749	-8.86189	-1.98544
-8.00939	-6.37853	-6.42821
-4.87688	-8.86063	-2.29053
-3.53138	-8.8623	-3.01913
-1.51875	-8.01539	-3.09978
-1.22949	-8.86162	-3.44074
0.18106	-8.8617	-3.61352
1.49399	-8.86195	-3.72477
1.72408	-8.03261	-4.26108
3.157	-8.00516	-3.48229
4.60044	-8.86195	-3.22197
5.50982	-5.15666	-2.39555
6.31043	-8.8607	-2.96814
8.07803	-8.86145	-2.56573
-8.85294	-8.01324	-4.21151
-5.75429	-8.03163	-1.56474
-7.26496	-7.23248	-5.59433
-4.20355	-8.8616	-2.56951
-2.79534	-8.86267	-3.20517
-2.00812	-8.86207	-3.34154
-2.58662	-5.86137	-5.2571
0.0647968	-6.02927	-4.52131
1.41494	-4.45891	-5.55522
2.43349	-8.86173	-2.79649
2.16276	-8.03823	-2.39354
6.2988	-5.37476	-3.52489
6.43581	-7.12085	-4.69254
6.87312	-8.86067	-3.29465
8.8379	-6.12712	-4.00741
-8.85438	-8.85847	-3.24003
-7.9601	-7.20323	-4.06876
-6.18401	-8.86203	-1.63074
-6.18146	-8.86209	-2.36038
-3.48139	-7.19194	-4.36361
-3.47196	-6.36334	-4.74118
0.35013	-8.02129	-0.323669
-0.399093	-4.35086	-5.87199
3.60472	-5.2659	-2.09817
2.54336	-5.77725	-4.02611
8.00768	-7.15537	-3.99283
6.3473	-6.20025	-7.12209
5.34797	-8.86199	-3.38302
7.88687	-5.35848	-7.0912
8.85526	-8.85951	-3.40215
-8.83779	-6.03288	-3.11625
-8.02083	-8.86172	-3.09403
-4.77679	-7.99862	-3.35436
-5.1269	-7.20261	-3.08697
-3.49751	-6.21412	-2.16167
-3.15801	-7.26762	-2.70945
-4.51384	-5.96795	-5.53272
-1.35944	-8.03897	-2.3284
0.270623	-8.01976	-1.12337
1.4208	-8.049	-2.36113
2.76531	-7.21771	-3.29711
4.05752	-4.3483	-3.158
8.84203	-6.50798	-6.46222
8.85407	-8.04507	-4.70226
8.85489	-8.85874	-2.91265
-8.84764	-7.3505	-3.9302
-8.02018	-8.8615	-4.34629
-6.77634	-8.86081	-3.50495
-7.34589	-4.37161	-5.61536
-4.4505	-6.6221	-2.71219
-3.18924	-5.83749	-4.13854
-0.360412	-7.97801	-1.75048
-3.51573	-5.89764	-5.44683
-3.40406	-4.35994	-5.39773
0.995923	-8.02754	-1.02895
2.73959	-6.30479	-1.38765
5.7824	-8.00962	-4.35727
6.18717	-6.90565	-6.04842
8.84886	-7.35303	-4.97914
8.84899	-7.36482	-3.11503
-8.84837	-7.37225	-3.11345
-6.42603	-8.03212	-3.47595
-8.03523	-7.99672	-1.66482
-4.75436	-8.86149	-3.70935
-2.91213	-8.86163	-4.42384
-2.46763	-8.01751	-4.30829
-1.48839	-4.40918	-1.51582
1.77067	-5.40334	-4.87275
-0.513511	-8.86156	-3.56108
4.41497	-8.02577	-3.69513
3.37998	-6.7796	-3.1092
6.40757	-6.186	-4.53549
7.46915	-8.86102	-3.63859
8.84358	-6.75047	-1.71328
8.83171	-5.38952	-2.66352
-7.25467	-7.97797	-3.45044
-7.3801	-8.86137	-2.3754
-6.36205	-6.72781	-6.13804
-7.18436	-6.65329	-6.42221
-5.70526	-4.28221	-5.67544
-2.19165	-8.8607	-4.51799
-0.89398	-4.37925	-6.63805
1.33168	-8.86199	-5.06651
1.92778	-7.08104	-5.63334
4.31866	-6.72285	-3.67085
0.295156	-5.19663	-6.30204
7.16913	-5.38726	-4.62351
4.75838	-8.03468	-0.599078
8.85401	-8.0257	-5.40825
8.09893	-4.46504	-6.10819
-8.84343	-6.70232	-3.52523
-6.46679	-8.06476	-1.9119
-7.04514	-6.28484	-1.58322
-2.72309	-7.97126	-2.25394
-2.68581	-7.1047	-4.12897
-2.6507	-8.8619	-5.08172
2.41382	-4.2819	-3.13117
3.84978	-4.35053	-6.47525
-1.90093	-7.3323	-4.18287
2.08743	-6.28301	-5.60788
5.42871	-4.41957	-5.84276
5.75157	-7.29416	-3.77666
7.18644	-5.99884	-5.48827
8.00308	-8.01677	-2.9212
8.83845	-6.13811	-3.10929
-8.81907	-4.68417	-4.67283
-6.8769	-6.69469	-4.90286
-8.05563	-8.03666	-4.67706
-4.87349	-8.86116	-2.99357
-4.09563	-8.00235	-2.96491
-3.52206	-4.36755	-6.44982
-1.5116	-5.51483	-6.20794
-3.71865	-6.25015	-7.17088
2.2739	-5.11044	-3.53199
4.12541	-8.03512	-5.48536
4.35371	-6.05191	-4.40577
6.51537	-7.9854	-3.04434
8.01847	-8.00368	-3.64293
8.84412	-6.71143	-4.57529
8.82834	-5.34825	-5.43274
-7.98693	-6.30159	-4.04682
-7.1903	-7.98948	-2.74934
-8.03168	-7.17194	-1.63103
-7.21569	-4.39546	-3.72152
-4.22934	-5.21971	-6.23002
-4.07599	-4.36401	-4.75102
0.182109	-5.12316	-3.16891
1.68329	-6.06039	-3.79948
-2.47111	-8.86197	-3.85877
2.21074	-7.2296	-4.86963
4.61287	-6.9937	-5.00951
6.50029	-7.13098	-2.14031
7.23016	-7.13958	-2.72266
5.7402	-8.03507	-3.50215
8.81614	-4.54135	-4.26573
-8.83183	-5.44861	-3.87306
-7.24569	-7.1669	-2.37329
-4.98691	-7.16571	-1.24499
-4.3754	-6.27087	-1.42954
-1.7921	-6.64018	-3.79761
-1.38081	-6.45659	-4.70978
-1.10226	-6.62279	-5.62546
0.392129	-6.03965	-5.40486
-0.038385	-8.03736	-3.44765
2.95729	-7.31912	-4.13704
4.71565	-5.26937	-2.91724
7.19302	-6.3465	-4.64186
7.07721	-6.29628	-3.78901
7.94595	-6.27858	-3.89471
8.83181	-5.36562	-4.43562
-8.01883	-4.43265	-3.33132
-7.22362	-5.9535	-4.60845
-7.20347	-6.69326	-4.00487
-4.72049	-5.20307	-2.69056
-2.64172	-7.26664	-3.34403
-2.5994	-4.3281	-4.79888
-1.34381	-5.1978	-2.96008
-0.628059	-7.97149	-4.06954
-2.40321	-4.38919	-1.88407
1.23999	-6.99968	-3.92515
4.04054	-4.34633	-4.88324
3.20241	-4.38589	-1.76999
5.35847	-5.18837	-4.43747
5.48719	-5.23908	-3.46507
7.14152	-4.4443	-4.85402
-8.81841	-4.62463	-3.80307
-3.6133	-6.48676	-0.671021
-5.65635	-7.01447	-2.45266
-3.80582	-5.3544	-4.45587
-1.9675	-5.98983	-4.37543
-2.55619	-5.2496	-4.22327
0.74143	-4.33091	-3.82404
0.832961	-5.18832	-4.93124
1.27243	-6.10727	-2.60467
3.23107	-5.21354	-3.59494
2.61414	-5.22473	-1.64576
3.84522	-4.3774	-3.98459
5.05765	-8.02705	-2.35092
7.26241	-7.14381	-3.58054
6.48426	-4.40857	-4.29471
-8.0983	-4.453	-4.23231
-3.36696	-7.96587	-1.87642
-6.76996	-7.38815	-3.86145
-5.24444	-6.45888	-4.48738
-3.21815	-5.21103	-3.47089
-3.53545	-7.21209	-3.55818
-2.57071	-4.33297	-3.77129
-1.03703	-4.4682	-4.58481
1.10019	-5.83511	-1.62442
3.26267	-6.31007	-3.87417
2.83791	-6.78303	-4.77519
5.41012	-6.67729	-3.39197
5.99988	-6.23155	-3.85762
5.81918	-7.96901	-2.6937
4.3962	-7.99094	-2.02938
-8.85467	-8.85736	-2.36577
-4.36382	-7.99382	-0.676289
-5.52567	-8.86122	-2.65009
-2.66737	-8.01841	-1.43321
-2.57061	-8.86187	-0.546598
-1.86967	-8.86176	-1.47501
-0.719497	-8.86226	-2.9128
0.795684	-8.85997	-1.84249
2.1555	-8.86208	-2.2059
2.48835	-8.8617	-0.899119
3.62071	-8.86242	-2.38232
1.32492	-7.94739	-0.434714
5.48202	-8.86102	-2.0902
6.51971	-8.86156	-1.13381
8.05133	-8.86043	-1.88102
-8.83881	-6.29233	-1.39594
-8.02905	-8.86099	-1.17979
-5.54307	-8.8609	-1.97822
-4.26021	-7.94513	-1.48765
-3.6812	-8.86131	-1.46424
-3.00786	-8.86118	-2.53593
-1.7686	-8.86041	-2.18462
0.341339	-8.86224	-2.41319
1.03949	-8.86101	-2.51524
2.89566	-8.8618	-2.25772
2.05247	-8.0298	-0.735772
5.6848	-8.8615	-2.79726
4.19168	-7.98518	-1.25082
8.02649	-7.98165	-1.46673
8.81744	-4.57034	-2.76551
-8.85447	-8.85866	-1.93351
-8.85396	-8.85816	-1.49775
-5.57522	-8.86167	-1.26196
-4.27078	-8.86122	-1.87271
-2.0001	-8.05277	-1.84764
-2.51636	-8.86146	-1.29499
-0.792395	-8.02093	-3.28406
1.94613	-7.30766	-3.20031
2.61927	-7.11204	-1.67299
0.496414	-5.21639	0.317886
5.76639	-7.15843	-1.86232
4.08338	-8.86178	-1.838
5.79576	-7.9744	-1.24551
7.46755	-8.86103	-2.88442
8.84862	-7.37105	-2.20637
-8.85479	-8.8589	-2.80191
-8.84843	-7.2666	-1.07902
-7.25971	-8.0098	-2.03111
-5.39954	-6.46855	-0.813042
0.716931	-6.03169	1.09258
-0.788741	-6.29227	-4.06739
-2.01137	-7.95985	0.18819
3.13753	-4.37132	-4.77798
0.545429	-4.39035	-5.67356
4.87238	-7.33352	-3.69298
7.9944	-7.14038	-2.36433
5.65448	-4.38779	-4.02746
8.84392	-6.8125	-3.60789
8.85523	-8.85908	-2.42015
8.84359	-6.76318	-2.63297
-8.84968	-7.42836	-2.28398
-7.39167	-8.86064	-0.871622
-4.84534	-7.97848	-2.58527
-6.46105	-6.79344	-3.2195
-2.83527	-8.00319	-0.722909
-2.27702	-8.86	-2.69595
-0.520383	-6.55036	-3.25693
-1.03248	-7.27418	-3.24475
-0.0615423	-7.24622	-3.44553
3.96143	-5.9163	-3.63029
4.79528	-4.33516	-0.723465
5.59595	-5.97652	-2.83442
5.67188	-4.37773	-2.97399
7.43536	-8.86068	-2.13546
8.85565	-8.85969	-1.93447
-8.81734	-4.54969	-2.15611
-8.8481	-7.21625	-5.1983
-7.94047	-5.37899	-3.21188
-7.98834	-7.20548	0.02095
-4.31647	-6.01464	-2.20464
-2.69595	-5.37078	-1.58321
-0.604136	-5.22024	-3.70438
-1.56048	-5.88576	-5.39439
4.92209	-4.34163	-3.4535
5.48492	-6.05424	-4.70795
7.21984	-7.99802	-4.09288
7.11089	-5.45382	-3.75714
6.18243	-8.86031	-2.24922
8.85352	-8.03829	-2.64326
8.83696	-6.06493	-1.27216
-8.85288	-8.02873	-3.48108
-6.39321	-8.03846	-2.73547
-8.06716	-8.03591	-6.21358
-7.24908	-7.30031	-4.63046
-2.49343	-6.58252	-0.0722568
-1.30939	-5.99717	-3.47217
-1.98413	-8.0033	-3.69722
2.83182	-5.41471	-5.41424
-0.310752	-6.43923	-2.41961
3.83052	-7.48199	-3.3082
3.43341	-7.30618	-1.55609
4.99767	-8.05351	-1.40581
8.02366	-7.99943	-2.20707
8.07138	-8.86181	-3.98713
7.96988	-5.42002	-2.64126
-8.83047	-5.2921	-3.00423
-8.02346	-8.86132	-1.82974
-7.25789	-7.982	-1.29949
-4.32749	-8.86029	-1.17525
-3.84038	-7.22631	-0.998371
-2.44406	-8.86096	-2.02984
-4.29714	-7.24759	-3.30239
1.99778	-6.04858	-2.06103
4.2869	-6.90735	-2.84265
1.02697	-6.27661	-0.899262
4.73256	-4.33248	-4.30088
7.07373	-6.25033	-2.06586
6.43724	-4.39684	-1.48249
8.83696	-6.00901	-4.95584
7.16054	-5.37378	-2.86695
-8.8331	-5.50012	-4.73381
-7.97313	-7.16916	-3.29953
-4.9509	-8.00137	-1.90212
-5.68277	-7.97184	-2.35583
-3.85051	-5.92003	-3.32835
-5.74587	-8.00772	-4.69762
-4.35658	-7.26545	-4.20601
0.806991	-4.33061	-2.87735
-2.62655	-5.69405	-6.17138
4.96067	-6.76963	-4.29542
6.25584	-6.32928	-2.27795
6.47971	-7.13287	-3.01448
7.11686	-5.3831	-1.94493
8.85332	-8.03124	-3.33635
7.97965	-5.46037	-4.50782
-8.03194	-4.45407	-2.41098
-8.01439	-8.00903	-2.40999
-6.38941	-4.30895	-2.27341
-5.62507	-4.37034	-2.75405
-6.41919	-4.38566	-3.2328
-3.07553	-8.86061	-1.78118
-4.29729	-6.39722	-4.87005
1.38501	-6.73872	-3.14645
1.56586	-4.32488	-3.56105
5.76176	-7.17041	-2.80598
3.59494	-8.04515	-2.79068
5.97115	-8.86096	-1.57395
7.95557	-6.2841	-2.19784
7.29019	-7.96398	-1.07937
8.85352	-8.03757	-1.94633
-8.84599	-6.98124	-1.73151
-6.449	-4.39047	-4.22758
-7.18204	-6.29143	-2.54287
-7.14131	-5.29347	-3.93582
-4.80544	-5.35796	-0.598915
-3.06098	-7.29611	-1.2994
1.2161	-7.9878	-3.77809
-0.175514	-5.14755	-2.24835
1.7096	-8.05511	0.894288
4.78299	-8.86136	-1.96961
3.94646	-7.32869	-2.30149
6.86618	-8.86073	-2.51675
6.5097	-7.99518	-2.2418
5.15012	-4.39563	-5.01749
8.83705	-6.08863	-2.18095
-7.07039	-5.54849	-2.03319
-8.01142	-7.16734	-2.4819
-6.53386	-7.35176	-1.67387
-3.59242	-8.04338	-1.13035
-4.04909	-4.27398	-3.77181
-1.31193	-6.58348	-2.81332
0.733719	-7.42169	-3.45586
-1.10013	-5.25917	-1.98095
0.518427	-4.33278	-4.79474
2.24313	-5.79194	0.167589
4.52985	-5.23441	-2.03917
7.18477	-6.25879	-0.364295
7.23175	-7.98484	-2.5842
8.00884	-7.17419	-3.17446
8.83132	-5.40369	-3.54743
-7.21157	-4.5642	-1.90547
-7.97909	-6.30202	-2.34667
-4.28718	-7.05697	-1.66055
-4.85469	-4.36195	-3.25008
-2.28504	-6.00298	-0.857477
-3.78431	-7.22649	-5.09227
-2.59924	-4.32576	-5.68205
0.196825	-7.99513	-2.72149
1.95524	-5.5383	-2.8781
1.8445	-7.25668	-1.49344
3.191	-4.38184	-0.711905
5.66104	-4.35642	-1.00725
6.21524	-5.20843	1.26714
7.203	-4.45493	-2.92249
7.97451	-4.50696	-4.28024
-7.20791	-4.36997	-2.78993
-6.13286	-6.70164	-1.36719
-7.16476	-7.13769	0.0822239
-4.55861	-5.28785	-1.68149
-4.69804	-6.00357	-3.2874
-2.2636	-5.1674	-3.30034
-1.19345	-8.01596	-0.68369
0.589136	-5.21616	-3.99697
1.55562	-5.21109	-4.09658
2.45659	-4.32868	-2.19388
3.77708	-5.99897	-1.55553
5.26275	-6.64131	-2.3499
7.27522	-7.983	-1.84137
5.37877	-6.67129	-1.34822
7.23349	-4.50796	-3.85581
-5.64902	-4.32451	-1.7323
-6.44653	-6.55561	-2.23909
-5.61984	-5.28768	-3.00399
-5.09353	-5.2694	-3.71408
-2.41383	-6.67167	-2.7723
-1.4805	-5.12466	0.211847
-1.76138	-6.95534	-2.13505
-0.93708	-4.35334	-3.67301
2.66662	-5.11797	-4.60511
2.14368	-5.61942	-1.04591
3.45504	-8.02161	-1.05702
4.73602	-6.13709	-3.12193
7.18674	-6.27599	-2.90091
6.38518	-6.28401	-3.13683
5.55899	-6.48608	-0.325066
-8.03334	-8.86138	-0.508975
-4.93141	-8.86096	-1.58286
-5.6085	-8.86127	-0.510342
-1.61147	-6.38346	1.70956
0.0313385	-5.5958	-0.694552
-1.57158	-8.02787	0.801265
-1.24586	-8.86107	-1.02978
-0.0824682	-8.8619	-0.977939
1.29956	-8.86123	-1.33847
2.93104	-8.86186	-0.29952
3.37167	-8.86153	-1.69643
3.85072	-8.86116	-1.14044
4.60055	-8.00933	0.25527
6.90079	-8.86156	-0.594384
8.06838	-8.86152	-1.24694
-8.81347	-4.50093	-2.9722
-6.1709	-8.86097	-0.106083
-6.78294	-8.86038	-1.23809
-6.53417	-7.99367	-1.02991
-3.52626	-7.99174	0.411595
-0.984182	-7.11276	0.196112
-1.54872	-6.58549	-1.01943
-0.354193	-8.86209	-2.25134
1.51747	-8.86127	-2.03013
2.67715	-8.86143	-1.5941
4.53397	-8.86138	-1.2753
2.77722	-7.98884	-0.84758
7.24314	-7.10328	-1.86405
5.60653	-8.02693	-0.573595
8.01027	-4.46689	-3.31014
-8.85402	-8.85735	-1.06485
-7.39723	-8.86069	-0.162335
-7.97413	-7.23297	2.43843
-2.73516	-6.54894	-1.13757
-4.04503	-6.13253	0.0649878
-1.92686	-8.86067	-0.788403
1.74199	-4.3431	-0.572455
0.207202	-6.41057	-1.1777
1.81006	-8.8613	-0.79375
2.91751	-5.93369	-2.13973
6.20902	-6.08241	-5.36579
5.03269	-8.86164	-0.733979
7.94062	-5.96394	0.662457
7.28189	-8.8602	-1.46394
8.85528	-8.85938	-1.44472
-8.85411	-8.85813	-0.635595
-8.85347	-8.02262	-1.9492
-6.29312	-4.3443	-0.530166
-8.02255	-4.46627	-1.47845
-2.17243	-5.82064	0.269483
-2.10417	-7.20721	-0.685755
-1.85421	-7.17261	-3.19301
2.26938	-6.13987	-4.79235
-0.0391248	-5.96236	-3.62692
2.91475	-5.97089	-3.0756
6.10826	-6.10225	-1.55696
5.63119	-4.3306	-1.96326
7.2283	-4.50341	-5.705
8.81704	-4.55757	-1.18143
8.85556	-8.8598	-0.95232
-8.85328	-7.97642	-1.28888
-6.18597	-8.86126	-0.88217
-6.53622	-4.35692	-5.17567
-4.32167	-7.12316	0.156286
-5.64738	-7.27969	-1.71556
-2.63743	-6.16898	-1.9481
-3.27053	-4.34438	-2.29712
-0.683263	-4.3332	-1.78616
2.02637	-7.30503	-2.36675
2.17748	-6.36985	-3.13339
3.94876	-4.36683	0.640817
5.71523	-7.97678	-1.94958
8.83021	-5.33999	-0.826398
8.85383	-8.03779	-1.2651
8.85621	-8.8598	-0.458308
-5.57321	-6.03047	-3.81724
-8.00161	-6.30992	-3.193
-7.38593	-8.8613	-1.60379
-6.34154	-5.17924	-1.48425
-1.44373	-4.46083	-0.681147
-0.209175	-5.82898	1.17032
-1.57991	-8.86177	1.10355
1.19499	-5.20492	-3.17127
-2.05345	-5.13843	1.93157
4.82838	-4.33195	-2.5376
4.04588	-5.96302	-0.551248
7.13881	-6.26501	-1.25638
7.21668	-4.45838	-1.97942
8.8487	-7.34114	-1.28763
8.81677	-4.55973	-1.98618
-8.02096	-8.01431	-0.929709
-8.84758	-7.23076	-0.336024
-6.35065	-7.28895	-0.00846277
-6.48065	-5.25826	-0.464302
-2.94091	-5.13666	0.224963
-7.20909	-6.09401	-3.35737
-4.00835	-5.41033	-0.946495
-0.639124	-6.7417	-1.67452
1.09447	-7.35207	-2.64888
6.41419	-4.45754	-3.37964
0.137733	-4.30577	-2.27736
6.05794	-4.422	-5.01242
5.76414	-8.86117	-0.914669
8.84875	-7.31463	-0.44242
7.98174	-6.19027	-0.446615
-8.84438	-6.73614	-2.63554
-7.97318	-6.33895	1.64507
-7.1776	-6.3433	-5.58729
-5.53814	-8.03922	-3.07934
-1.83263	-7.13316	0.117294
-2.10392	-8.02564	-0.522466
-0.175876	-5.20694	-4.53858
4.14542	-7.16468	-1.15569
-1.03012	-8.86253	-2.32056
4.78786	-4.33361	-1.63325
4.83157	-6.4345	2.77319
6.35679	-5.38685	-2.59733
7.26679	-7.27245	-5.29905
6.25673	-5.28659	-1.68631
7.96785	-6.25464	-1.34711
-7.19383	-4.41136	0.781416
-8.03437	-4.47855	1.17557
-2.47659	-4.3315	2.32842
-5.20001	-6.4564	-1.78648
-1.92241	-5.96681	-2.64539
-5.20326	-6.02809	-2.50705
-0.0718288	-4.27637	-3.2246
1.97359	-7.21507	-0.720812
-3.33304	-4.4779	-4.27575
3.15287	-5.38419	0.215801
-0.754092	-4.44684	-2.73244
8.01539	-8.08834	0.285712
6.2573	-5.31451	-4.41814
8.81818	-4.58146	-0.370506
8.02754	-4.44428	-1.45304
-8.83793	-6.14524	-2.18657
-7.93206	-6.30145	-1.5484
-5.96723	-5.9941	-2.06614
-7.26935	-7.09582	-1.56396
-5.50089	-4.37459	-0.13823
-3.87316	-5.30064	-2.67923
-2.34535	-4.429	-1.0265
1.59557	-6.51132	-4.56777
-1.83946	-4.28688	1.63126
1.6129	-8.03823	-1.49689
7.0505	-5.42688	-1.05106
7.98366	-6.29632	-3.07631
7.23285	-4.49172	-1.04473
5.57136	-4.36333	0.824099
8.81814	-4.56879	-3.53618
-7.9581	-6.33875	0.0314269
-6.43405	-4.28795	-1.35496
-4.5349	-7.1204	-0.594794
-4.09721	-4.40413	-1.83903
-3.08834	-4.37795	-0.462525
-2.73643	-7.44349	2.18981
-0.591653	-5.15295	-1.21872
1.28242	-6.23154	-5.39557
-1.69311	-4.32485	-3.28948
4.38753	-6.77358	-1.80838
3.07377	-5.90685	-0.621103
7.13293	-6.17319	0.471792
6.54045	-8.02389	-1.48168
6.71232	-8.86123	-1.80034
8.83079	-5.35387	-1.74973
-8.83224	-5.46447	-1.35462
-8.01607	-8.02243	-0.206726
-5.0034	-7.99681	-1.15416
-5.76289	-6.84782	0.245342
-3.93785	-6.24221	1.04828
-3.75598	-8.8613	-0.716036
-1.46048	-8.86118	0.388886
2.00261	-8.86185	-1.4898
-1.53204	-5.23714	-3.96826
5.33993	-5.13156	-1.35457
4.94973	-7.34656	-0.972036
6.47163	-7.19961	-1.31928
6.39739	-7.22007	-0.351615
8.0099	-7.04083	-0.76608
7.98711	-4.45236	0.452367
-8.04198	-4.43898	-0.597263
-7.95897	-5.4205	-1.48729
-5.12871	-6.24828	0.00415789
-6.29107	-6.36702	-0.327728
-3.87546	-5.28702	0.826233
-4.57945	-4.45314	0.459696
-3.59324	-6.61105	-2.94331
-1.07119	-7.15649	-4.02584
1.43223	-6.80973	-2.12801
0.0899433	-4.35293	-1.34874
1.73344	-6.13104	-0.445642
5.26582	-7.17105	-0.0741589
6.36689	-5.28483	0.369859
7.94511	-5.39033	-1.73452
8.00054	-4.47136	-2.38866
-8.82978	-5.37895	-2.17783
-7.19773	-4.49821	-0.0974621
-6.51039	-7.14679	-0.788864
-3.60858	-5.2693	-1.8228
-3.09598	-5.28733	-0.844998
-1.2452	-7.18927	-0.54093
1.82489	-5.23138	1.60209
-0.623662	-5.66435	-2.85034
0.855318	-6.60036	2.04939
3.74758	-6.55349	0.00157092
2.4952	-5.77342	1.17637
5.82431	-7.24314	0.430825
7.22777	-7.14186	-1.01279
3.32206	-8.03102	-0.120434
6.429	-4.42668	-2.42586
-7.20048	-4.4033	-0.951932
-7.26031	-7.07394	-0.735481
-5.58573	-4.90336	-0.910219
-5.25774	-5.74529	-1.28704
-2.97385	-5.97826	-2.83094
-2.68552	-7.06091	-2.10616
-3.22069	-4.409	-1.39678
-1.05734	-8.00119	-1.56774
-0.24722	-8.01562	2.09188
3.81754	-5.23698	-2.95759
3.73408	-6.10855	-2.7263
5.58573	-5.9316	1.48028
6.2127	-5.31348	-0.772996
6.47149	-4.43653	-0.52621
5.60813	-5.17014	-0.108022
-8.02504	-8.02929	0.522812
-5.81191	-7.9884	0.0928599
-4.98872	-8.86086	0.642859
-3.8332	-8.8607	0.0251375
-3.38422	-7.19132	0.745221
-2.24683	-8.86268	1.4236
-0.804042	-8.86109	0.114293
0.972929	-8.86108	0.0708918
0.500762	-4.34183	0.750753
2.25805	-8.86184	-0.176498
3.62665	-8.86167	-0.432824
-0.481408	-6.40859	-0.631887
5.55276	-8.8619	-0.226958
4.45699	-7.28356	-0.104138
8.06253	-8.86144	0.166595
-8.84081	-6.49786	-0.667642
-6.76873	-8.86123	0.2357
-4.9842	-8.86147	-0.866781
-4.3981	-8.86052	-0.468629
-1.68677	-7.23642	0.956535
-2.66201	-8.86089	0.203891
-0.551924	-5.27537	-0.155077
-0.686559	-8.8615	-0.672759
0.966212	-7.0817	-1.45608
3.35203	-8.86204	0.253118
3.1637	-8.86059	-1.0048
3.92735	-7.94416	0.460916
7.15469	-7.10559	-0.232722
6.37589	-5.90854	2.08166
8.83082	-5.32249	0.178502
-8.8536	-8.8574	-0.201362
-8.03627	-8.86147	0.169639
-6.36318	-5.2239	2.2234
-4.44211	-8.8609	0.259337
-5.53407	-6.96007	3.06323
-3.34125	-8.86145	0.46639
-1.89427	-4.24604	0.701971
-1.62605	-6.2395	-0.264203
0.327424	-7.24345	-0.934936
1.12059	-8.86116	-0.646879
5.76381	-7.20443	-0.830566
3.68222	-7.26409	-0.43463
4.58486	-8.042	1.08239
7.43825	-8.86084	-0.11152
6.24178	-7.96811	-0.0837747
-8.8468	-7.17567	0.364002
-8.83374	-5.66145	-0.594979
-6.51594	-8.05036	-0.174039
-7.15899	-5.3098	2.73643
-6.45369	-7.252	1.64402
-4.85537	-4.44109	-1.27781
-2.776	-8.86146	0.939104
-0.571498	-8.86143	-1.49656
3.97816	-4.36072	-2.22095
3.81998	-5.14457	-0.277302
0.894648	-8.0155	0.219787
3.53167	-6.58267	-0.977276
7.37958	-7.99418	0.812578
8.84365	-6.67141	-0.765309
8.09409	-8.86095	-0.509553
-8.85309	-7.99278	0.748898
-6.51512	-8.02492	0.744752
-8.83406	-5.59851	0.964602
-3.47141	-6.09639	-1.3251
-2.83358	-8.01723	0.0678929
-3.06139	-5.96558	-0.267055
-3.34282	-6.46155	0.414519
1.36917	-5.22853	0.815279
0.598794	-8.86155	-1.17237
1.78145	-8.03096	0.143266
4.32602	-8.86189	-0.575651
6.46139	-6.61968	3.84096
5.49802	-4.3329	1.75083
8.04278	-8.04199	-0.724665
8.85466	-8.86019	0.524781
-8.85309	-7.97727	0.0801859
-6.76661	-8.86046	0.945039
-7.25141	-7.95684	0.90087
-4.06327	-4.363	-2.78601
-5.57559	-6.44566	-3.12003
-4.17195	-7.18815	0.933139
-4.03898	-4.478	1.65112
-0.131039	-7.24645	1.5577
-1.24981	-7.99166	0.0300188
1.18859	-7.14187	-0.670321
5.1793	-5.21777	1.77616
4.83085	-5.25024	-0.476818
4.70803	-4.38698	1.20569
7.50444	-8.86144	-0.86845
8.83663	-5.99055	-0.316875
-7.2268	-7.12396	1.69261
-6.77799	-8.8615	-0.499474
-5.69033	-7.23514	-0.721129
-5.72762	-6.05422	1.72791
-5.49075	-6.59567	2.31345
-2.96921	-5.12905	1.44163
-1.34206	-8.86076	-0.325458
-1.19003	-8.86103	-1.68823
4.80799	-6.02464	-0.00285945
3.67119	-8.04748	-1.953
4.61373	-6.63067	-0.639973
4.00866	-8.02561	-0.429954
8.85591	-8.86021	0.0328323
7.98314	-7.50157	-0.13987
8.842	-6.63303	0.164426
-8.82149	-4.73858	-0.601108
-8.84732	-7.23811	1.05943
-8.8539	-8.85785	0.661494
-8.81758	-4.61125	-1.37682
-6.38564	-5.32029	0.446942
-1.07291	-5.86381	4.16441
0.245106	-5.19429	3.74008
-1.60898	-6.4954	0.710666
4.6358	-4.57271	4.91664
0.971331	-7.80423	-1.82181
5.24248	-8.86135	-1.41189
3.8257	-4.36841	1.56432
8.85329	-8.03746	-0.582076
8.01001	-7.15052	-1.54834
7.10127	-5.31798	-0.173304
-8.83376	-5.56974	0.17117
-7.05847	-6.19447	-0.769576
-4.25969	-7.9764	0.0722685
-5.84709	-8.0044	-0.79586
-5.52973	-4.33959	0.771199
-1.1504	-5.75747	0.677937
-1.03092	-4.35266	1.95726
-0.111604	-5.86742	-1.73872
4.45772	-6.09808	-2.30111
4.59957	-6.70719	0.470907
4.34099	-5.2883	1.39869
5.29109	-5.89023	-1.92094
7.95579	-5.35135	0.079798
8.85273	-8.03819	0.0903734
8.847	-7.27888	1.82313
-8.8533	-8.00313	-0.596178
-7.97892	-7.21373	0.807732
-5.7361	-5.70431	-0.338058
-3.57895	-7.97929	-0.375193
-4.51078	-6.2619	-0.633737
-2.01045	-8.86099	-0.075423
-4.95752	-5.87942	4.05196
-1.09958	-6.09278	-2.1349
4.30748	-5.2275	-1.19831
0.459284	-5.21481	-1.43644
2.57682	-8.0354	-0.0308186
3.93411	-4.36455	-1.25877
8.85288	-8.04735	0.767688
8.84745	-7.30648	0.348869
7.92718	-5.36213	-0.846349
-8.8188	-4.6821	3.34831
-7.94465	-6.27762	-0.753162
-7.97124	-5.38244	-0.542292
-6.37131	-6.19648	0.537039
-4.06624	-5.95751	2.99289
-1.28983	-5.46156	-0.639999
-0.852924	-6.41255	1.21749
0.604105	-6.4347	-1.96744
2.55248	-5.12911	-0.467801
1.66331	-4.41097	-2.63399
0.11671	-7.32223	0.744884
4.65694	-6.09866	-1.29144
7.895	-5.24875	2.30848
6.57856	-8.0215	-0.729663
8.81691	-4.51172	1.1535
-8.84048	-6.39425	0.112713
-7.18577	-7.06393	0.896255
-5.16043	-8.01225	-0.414337
-3.59232	-7.15458	-0.114413
-5.5091	-5.32584	2.29473
-0.92373	-6.03177	-1.21192
-0.344903	-5.11153	1.81915
-0.542248	-7.21265	-0.903837
1.47309	-5.15607	-1.14564
0.077106	-8.86187	-1.70032
1.04335	-6.01742	0.200659
5.57884	-5.9776	0.398594
6.38774	-6.46869	-0.953645
6.37247	-6.69658	0.288552
8.83117	-5.32818	1.11364
-8.02749	-4.48805	0.291178
-7.98849	-5.45215	0.412212
-6.2215	-5.93173	-1.1739
-4.79435	-4.34314	3.10623
-3.82166	-4.39091	0.0236603
-3.07029	-5.74153	0.828257
-3.97037	-4.46542	-0.909886
2.6569	-6.71547	1.34151
2.88168	-7.20032	-0.875244
-1.01034	-7.26707	-2.3134
3.55409	-5.79213	1.69004
5.43666	-5.87445	-0.853382
4.82127	-8.86173	-0.0518552
6.35484	-4.3185	1.33536
7.14447	-4.32222	0.886292
-7.20061	-5.32284	-1.09113
-5.03924	-8.86186	-0.128581
-7.21764	-7.98093	0.174848
-5.52042	-5.16203	0.322409
-2.51752	-6.46761	0.880729
-2.19525	-5.08461	0.858304
-2.69575	-4.27654	1.32903
-2.8997	-7.18806	-0.456268
2.33297	-7.99417	-1.55994
2.95739	-6.36088	0.137558
2.45125	-6.56795	-0.548326
6.26967	-6.63607	1.52583
6.47849	-7.26697	0.963088
6.90053	-7.98568	0.273259
7.23655	-4.39566	-0.0638032
-6.35771	-4.37472	0.329698
-4.97119	-8.02526	0.311534
-7.21331	-5.47753	-0.0699234
-3.80141	-5.31197	-0.0933711
-4.77374	-4.50052	1.22697
-2.92623	-5.20513	-2.51857
-1.72893	-8.04368	1.53954
-1.76906	-7.955	-1.17156
2.47362	-6.65858	-2.44773
2.39563	-4.32904	-0.0179366
-0.233448	-4.32767	0.277193
6.32625	-6.68663	2.63608
5.55333	-6.42852	2.17934
8.00764	-6.54628	1.25783
5.33852	-5.2251	0.825453
-8.0294	-8.86116	1.52657
-5.60407	-8.85982	0.28818
-5.55637	-8.85997	1.04875
-4.12794	-8.86105	0.818962
-3.55	-8.86176	1.75515
-2.85575	-8.86107	1.67162
-1.03286	-8.86252	1.58249
0.255934	-8.8622	1.6743
1.03396	-4.39893	0.0565335
2.34889	-8.86156	1.05373
2.5972	-8.86177	0.407343
4.08865	-8.8607	0.109145
5.3335	-8.00654	0.0856055
6.24777	-8.86047	-0.410478
8.05551	-8.86244	2.10049
-8.84121	-6.41976	0.906639
-7.39927	-8.86069	0.541736
-6.39767	-5.39631	1.34104
-2.37654	-6.69882	1.88799
-3.4723	-8.8615	1.09496
-2.49299	-7.99997	1.57742
-1.71413	-8.86243	1.81645
-0.910243	-8.86118	0.859381
0.943421	-8.86208	1.41245
3.08529	-8.8619	0.913638
3.26273	-8.03506	0.736192
5.06844	-8.86163	1.1041
8.83754	-6.03588	0.641298
6.77399	-8.86111	0.138773
8.81658	-4.59265	2.74705
-8.85382	-8.85706	1.0956
-8.0356	-8.86137	0.852373
-5.79993	-5.94878	2.96903
-3.27543	-7.1633	1.52687
-6.44326	-4.33799	2.14808
-0.816594	-4.39037	3.05245
-0.192789	-8.86088	-0.200195
1.20163	-6.60049	3.1711
3.94351	-5.87515	0.46307
3.18092	-6.18796	0.920663
4.9199	-5.0384	2.73475
4.57668	-8.86154	0.607167
6.38861	-4.36225	0.386499
7.33044	-8.01646	-0.30571
8.85541	-8.85994	1.49874
-8.85443	-8.85788	0.230906
-8.85313	-7.96886	1.42561
-6.363	-4.44164	1.23262
-5.43911	-5.19186	-1.98593
-4.63613	-6.46471	0.622123
-4.68403	-5.31775	1.88499
-3.98246	-4.32661	2.61108
0.0161242	-4.32379	3.41193
2.49627	-5.87946	2.17095
1.77742	-5.17116	-2.06958
5.4339	-6.60892	0.885467
5.48769	-7.23289	2.44442
5.6052	-4.28929	-0.125405
8.84304	-6.61996	2.12558
8.85477	-8.85987	1.0113
-8.83271	-5.46955	1.78322
-8.01544	-8.02719	1.27112
-7.27027	-4.39804	2.58181
-3.29749	-4.31435	1.99691
-2.04577	-5.84906	1.27912
-3.62887	-4.41989	0.911887
-3.58344	-6.12829	2.29808
-0.258928	-8.86143	0.571042
0.945835	-5.15155	2.14156
2.22649	-6.65695	0.534819
3.82981	-8.86119	0.762427
6.07232	-8.8613	0.282874
7.14438	-4.42594	4.51132
8.85316	-8.02796	2.12041
8.85347	-8.02353	1.45423
-8.85326	-7.99107	2.07661
-8.81998	-4.71923	0.936746
-8.81708	-4.64204	1.72143
-7.21266	-5.32581	0.852447
-1.04832	-4.30251	0.987477
1.24403	-4.36852	1.23495
0.376741	-8.07959	-1.98643
-2.18293	-4.33236	-0.0776017
0.00745847	-5.94218	0.285967
4.58287	-5.80072	2.18101
3.34936	-5.26382	-1.14777
3.78132	-7.1444	0.564648
8.84746	-7.29739	1.06898
7.15944	-7.20161	0.521683
8.8558	-8.85944	1.98078
-7.90329	-5.39248	-2.35747
-8.01907	-7.16422	-0.790735
-7.2396	-7.95789	-0.569484
-6.42604	-7.18634	0.790702
-3.19904	-8.86127	-0.262589
-4.68502	-5.3899	0.253194
-2.46976	-8.0338	0.831365
-0.0549505	-8.86192	4.24792
-2.45328	-4.32712	-2.80128
3.17523	-7.9557	1.59736
-0.0346373	-8.04397	1.32931
4.63245	-4.36735	2.12005
7.96855	-5.46521	3.11225
7.34306	-8.86179	0.599491
8.01753	-4.44149	-0.50748
-7.18612	-7.12037	3.26807
-8.84033	-6.28451	1.70153
-7.94773	-5.40348	3.29038
-5.61552	-6.38176	3.87099
-7.08621	-5.36193	3.66007
-1.67818	-6.79864	3.59651
-0.588276	-8.06049	-2.4958
1.68594	-5.74565	4.67169
0.891562	-6.00352	-3.52015
4.37889	-5.59613	3.09848
3.57868	-8.86098	1.43291
3.18609	-4.37537	0.226839
8.85316	-8.04443	2.80849
8.84744	-7.23657	5.08812
8.82936	-5.30945	2.14589
-7.20838	-4.42364	1.66657
-7.07678	-5.24971	-2.96307
-5.64112	-4.40171	-3.76007
-6.40255	-6.37354	1.41555
0.45431	-6.68493	-3.03926
-7.09463	-6.33098	0.103149
-3.29949	-4.33777	-3.23582
-0.463334	-8.86194	1.93593
-3.9136	-6.48888	-3.9501
2.39898	-5.04159	0.695071
1.83643	-8.8617	0.542657
7.18791	-5.22352	0.777985
3.8649	-8.01964	1.3273
8.00149	-8.86243	0.818998
8.84326	-6.59825	1.17935
-7.96776	-6.31816	2.44095
-8.01001	-7.20766	1.61844
-5.67324	-4.44015	2.71346
-6.29317	-5.27164	3.1982
-5.55128	-5.26586	3.73879
-0.594357	-4.36834	-0.717821
3.46434	-6.61887	-2.05564
1.43177	-4.40051	2.98111
0.413796	-7.15989	-2.31526
0.603895	-7.23119	-0.0917582
4.93317	-7.30639	0.869737
5.88428	-8.03419	3.21922
7.98168	-7.3451	2.48829
7.9136	-5.88959	1.85339
8.83631	-5.955	1.63796
-8.06007	-4.45591	3.94978
-6.43578	-8.01987	1.56864
-4.15907	-8.01144	0.887895
-4.70165	-4.42529	-0.396679
-4.88181	-4.34392	-2.23883
-1.30186	-5.138	1.31712
-4.18106	-5.11686	-3.6653
0.947399	-4.37577	-1.87512
1.74013	-4.31754	-1.58891
4.81371	-4.3197	0.226999
4.02748	-4.29975	-0.312948
6.33655	-6.02477	-0.246777
7.96677	-6.71606	0.219882
6.62549	-8.02474	1.15754
8.03446	-4.35451	2.25162
-8.81864	-4.70545	0.161747
-7.98043	-6.34739	0.83532
-5.72075	-6.96955	1.13464
-4.94064	-8.00054	1.04736
-5.0301	-6.3884	1.38974
-5.17123	-7.2248	-0.0906874
-3.12774	-8.86169	-1.01211
0.781642	-7.25399	1.41208
0.859175	-5.21553	-2.2954
3.92004	-5.11222	2.23242
3.01203	-7.22382	0.767622
4.22423	-7.23569	1.24981
7.23488	-6.07763	2.75881
7.94647	-7.29397	1.64122
8.8171	-4.52438	0.407769
-8.06867	-4.47103	3.00791
-7.99231	-5.439	1.37611
-5.53233	-5.23432	1.28594
-6.34268	-5.21241	-2.438
-0.863642	-6.21488	0.0181154
-1.06863	-4.31421	0.102411
-0.491647	-6.29739	2.25051
1.92148	-5.21001	2.50417
0.399284	-8.86187	0.972755
4.5239	-5.15754	0.415424
2.12366	-7.30444	0.0726004
3.91096	-6.46736	1.22767
6.35562	-6.07774	0.904997
7.07067	-5.10828	1.74883
7.19475	-4.24962	1.83211
-7.21512	-5.34528	1.80391
-7.16722	-6.20364	0.993581
-5.76912	-7.90893	0.796823
-5.09861	-7.25047	0.734694
-2.90505	-4.27722	0.482721
-4.70043	-5.57234	1.07953
-2.03787	-5.23053	-2.27248
0.225371	-6.62068	4.75828
-0.403485	-7.97968	-0.151575
3.14046	-4.30753	2.06904
0.849936	-5.43482	-0.539713
4.00231	-6.43926	2.15288
6.06622	-8.02825	0.626453
7.97162	-7.30821	0.778469
7.9699	-4.34501	1.37308
-5.60552	-4.40402	1.75453
-7.14086	-6.20443	1.88823
-4.84384	-4.40419	2.21046
-5.58002	-6.04563	0.740845
-2.12877	-8.86144	0.656678
-1.78007	-5.88003	2.4802
1.96782	-6.73021	2.49741
-0.83769	-8.02765	1.29892
-3.97036	-7.31172	-2.43603
3.87898	-4.29795	2.63759
1.81623	-6.43292	-1.34654
5.6033	-6.47975	3.23257
5.33204	-8.00895	0.87732
7.08636	-6.4945	2.09628
5.49801	-4.34508	2.66711
-8.03185	-8.86154	2.1806
-6.15943	-8.8597	0.67581
-5.72184	-8.86107	2.33834
-1.00036	-5.73425	1.8341
0.53613	-5.17445	1.2889
-1.20344	-8.86139	2.33594
-0.172671	-8.86219	3.12865
0.0979801	-8.86166	2.38962
1.10649	-8.86101	0.718311
2.86481	-8.86135	1.59532
2.14962	-8.86198	1.75018
-0.309133	-6.65863	0.599016
6.05938	-8.86167	2.12419
4.81073	-6.46118	1.66575
8.04674	-8.86234	1.41765
-8.82041	-4.72806	2.54089
-7.40106	-8.86147	2.03912
-6.33911	-8.86273	2.08084
-4.73685	-8.86155	1.96862
-4.0325	-8.86138	2.21464
-2.33469	-8.86203	3.023
-1.61886	-8.86154	3.10856
0.109455	-6.50693	1.59229
1.21888	-8.86155	2.6644
1.44962	-8.86176	1.92345
5.33524	-8.86203	2.28549
6.31237	-8.86236	1.43946
7.2505	-8.8625	2.45311
6.52579	-8.03743	1.95379
8.82129	-4.76946	5.11626
-8.85449	-8.85768	1.52579
-8.04924	-8.86126	2.81621
-7.97652	-5.43157	2.35304
-3.96699	-7.99309	1.61994
-4.18724	-8.8611	1.48062
-1.86635	-8.86162	2.48007
-0.68018	-5.68807	2.82841
0.233537	-4.57373	-0.422091
1.68795	-6.06877	0.832698
1.68241	-8.86132	3.17645
4.08973	-8.86196	1.94097
2.95835	-7.24114	-0.0298417
7.30823	-8.0126	1.59532
8.07851	-8.8624	2.7264
8.02783	-8.05157	2.01011
-8.85454	-8.85779	1.95654
-8.8552	-8.85738	2.39275
-5.64702	-8.03409	1.48969
-4.85833	-7.2847	3.25417
-3.79234	-5.44215	1.72456
-1.26106	-6.56125	2.57219
-1.0402	-7.99995	1.99192
-0.612223	-5.1495	4.56015
2.20393	-4.36241	1.41134
4.00499	-6.46622	3.08989
3.34896	-8.86136	2.106
6.40214	-5.38794	4.00311
7.98946	-7.16629	5.63332
7.28542	-7.94382	3.26441
8.85629	-8.8594	2.97106
-8.84622	-7.07891	1.72258
-7.20307	-7.97294	1.62271
-6.45574	-4.47208	4.02341
-4.84137	-8.86191	1.28227
-4.97289	-6.17753	3.16184
-2.16655	-7.31458	4.01055
-2.66636	-5.86111	1.97338
-0.0793525	-5.9356	4.29969
3.79263	-7.20417	3.09006
4.55465	-6.49469	4.66407
4.31655	-8.86198	1.27088
5.19671	-8.02365	1.76195
7.98717	-5.23955	1.227
6.76909	-8.86239	1.93566
8.85651	-8.85928	2.47398
-8.05576	-4.48491	2.07829
-8.84622	-7.15737	3.07604
-6.83757	-8.86076	1.63678
-4.15025	-5.19788	2.61418
-3.16285	-5.17347	2.40804
-3.97176	-7.24219	4.0649
-2.31097	-4.29544	3.32722
1.96314	-6.37464	1.73699
-0.214258	-7.18506	-0.129381
1.64139	-8.86217	1.22043
5.42918	-7.00536	4.04293
6.27034	-7.28574	2.11643
8.00735	-8.05323	2.87364
8.84798	-7.24963	3.585
8.83512	-6.00019	2.59966
-8.84015	-6.36635	3.27642
-8.03631	-8.01214	3.59155
-7.28496	-8.01451	3.19048
-8.03424	-4.4962	5.7763
-1.23234	-7.23123	3.01561
-2.56577	-6.51441	4.65251
-2.11279	-7.2364	4.807
-0.227501	-4.31256	1.3054
0.856821	-6.11268	4.71697
-0.840416	-7.29287	0.97238
6.15486	-5.19519	3.14374
5.33277	-8.8615	0.439758
7.13399	-8.86198	1.21703
8.00285	-7.16725	6.43477
8.01781	-8.01515	3.64706
-8.85256	-7.99384	2.76659
-7.96066	-6.30732	4.81639
-7.41013	-8.86016	1.25859
-7.22017	-6.93775	2.4649
-3.21066	-6.35126	1.50328
-2.48524	-8.86113	2.24837
-2.25096	-4.33477	4.27038
-0.0420397	-7.24673	-1.68532
3.00436	-6.52203	2.9726
2.26387	-4.39581	3.22257
2.93904	-5.1999	2.60655
1.5971	-5.18621	-0.0991962
7.96662	-6.59836	2.22608
8.83224	-5.3636	3.14049
8.83825	-6.15748	3.51136
-7.96802	-6.30167	4.02422
-4.06645	-8.01441	2.44737
-4.31958	-6.73935	2.74936
-7.99123	-7.18569	4.03393
-5.01999	-5.24245	3.01881
-3.56313	-6.64356	4.44735
-1.32096	-4.29806	4.6993
1.1203	-4.37384	4.68254
2.27942	-6.09736	3.02021
1.60392	-8.86165	-0.0875723
0.936539	-4.38066	-0.933053
5.58987	-7.2572	3.23645
7.2858	-8.03903	2.42801
6.5951	-7.9795	2.7684
7.98688	-7.14297	4.0647
-7.30356	-8.03092	2.33422
-8.01513	-8.01032	2.81917
-6.47806	-8.06012	3.26307
-6.12765	-8.86159	1.42317
-2.23899	-8.05318	2.29718
-1.65452	-6.64233	6.19008
-4.03279	-7.15027	1.7417
1.21928	-7.20622	2.55472
1.44245	-5.98059	2.62133
3.07234	-6.46031	2.05205
2.0734	-7.34983	1.01553
4.66398	-5.99448	1.01991
8.0081	-7.21691	3.29354
8.84882	-7.34469	2.62726
8.06347	-8.04141	1.16541
-8.84067	-6.45707	2.48232
-6.42579	-6.11122	2.37104
-8.02621	-4.48317	4.86163
-5.905	-7.61263	2.80466
-4.86353	-7.17651	2.36468
-1.2834	-7.23192	4.71452
-0.702487	-6.52437	3.40402
1.11451	-5.20295	4.23125
3.32206	-5.23932	4.09479
2.64834	-7.19465	2.50183
3.67744	-5.09874	3.26455
7.14466	-7.17923	3.98021
6.31384	-4.31631	3.13752
7.12634	-6.12522	3.66187
7.94592	-6.31152	3.88097
-7.9538	-5.40101	4.18963
-5.34988	-8.06551	3.05046
-3.24374	-8.01055	1.08063
-4.24112	-6.35521	1.8183
-3.99359	-6.12566	3.84468
-0.334917	-7.25373	3.27175
-0.187902	-5.22604	5.5683
0.399223	-6.44208	-0.260554
0.407907	-4.43734	5.3152
2.43093	-7.34065	1.79751
3.72661	-4.30175	3.78192
5.81262	-8.86193	0.948097
7.14498	-7.23344	2.53329
8.84391	-6.76174	3.03406
8.83262	-5.5228	4.03278
-6.51621	-4.38078	3.0868
-7.111	-6.14272	2.91118
-6.26608	-5.36989	4.31123
-4.04314	-4.31558	4.45707
-4.81789	-7.19544	1.55571
0.846759	-5.31467	3.04884
-1.67226	-4.33238	2.70168
0.625353	-6.71944	0.694312
0.841904	-5.9983	3.79288
0.814065	-8.00748	0.966155
3.53273	-5.17909	0.97817
7.2031	-6.74485	1.17551
5.85717	-6.05731	3.98976
7.96585	-5.42079	4.03313
8.00512	-4.46528	3.14701
-7.95626	-6.31278	3.2294
-6.34166	-8.09785	2.33857
-6.31364	-6.97321	2.34147
-3.06345	-7.28321	3.12559
-2.3216	-5.22866	2.84853
0.603467	-4.34134	2.73708
0.250942	-5.75438	2.10671
1.44841	-4.34396	2.07974
0.359402	-5.2584	4.73863
1.36108	-7.24952	3.66678
1.42173	-6.80975	1.16393
4.82809	-8.86232	1.77457
5.7201	-7.21035	1.41347
7.09292	-5.90326	1.44812
6.38358	-4.28922	2.25196
-7.28856	-4.44155	3.55326
-6.28577	-6.25329	4.64402
-5.67346	-4.37233	3.59503
-3.14293	-4.35261	3.01795
-2.31694	-6.46882	2.76049
-0.0258162	-6.78215	2.67786
-1.62326	-5.10635	4.40418
2.01107	-4.49119	4.8191
3.1081	-4.31688	3.06657
2.98543	-4.34419	1.08938
3.39048	-7.18575	1.51297
5.07218	-5.91572	3.60816
6.17221	-7.30484	4.04703
6.43911	-7.25102	3.18202
5.50635	-5.72077	2.67594
-7.42589	-8.861	2.91986
-6.14864	-8.86115	3.51861
-5.08217	-8.86151	2.5305
-3.17874	-8.86072	2.33194
-1.64272	-7.27944	1.75622
-2.82476	-8.86209	3.62966
-2.10111	-8.86178	3.68987
0.269539	-8.86142	3.62772
0.532697	-8.86057	2.90393
1.90938	-8.86236	2.45725
2.53055	-7.98953	0.758558
3.85104	-8.86199	2.60703
5.8221	-8.86211	2.8014
3.8168	-8.02788	2.20652
7.51376	-8.86086	3.0577
-8.84732	-7.27194	2.38369
-6.27743	-8.85924	2.81748
-7.2543	-8.00939	5.35089
-4.21288	-8.86147	3.43164
-2.67314	-8.02961	2.95212
-2.56005	-8.86177	4.26714
-0.929088	-8.86176	4.30517
-0.610951	-8.8615	2.59279
1.45753	-8.86151	3.9017
1.9913	-8.86105	4.32771
3.06788	-8.02671	3.22614
3.09141	-8.01626	2.38323
7.18782	-4.37227	2.75901
5.00609	-7.19809	1.78551
7.99981	-8.86111	4.09721
-8.85437	-8.85776	3.26163
-8.03189	-8.01667	2.01924
-6.405	-4.5481	5.00137
-4.43748	-8.86095	2.73524
-3.71666	-8.8622	2.84305
-2.89803	-6.50184	5.60907
-4.81744	-4.29625	5.92718
-1.84625	-8.04004	4.64435
3.72224	-4.36971	4.61352
2.38654	-8.86148	2.97319
3.62585	-8.86128	3.27931
5.50771	-6.13245	5.42893
5.43108	-6.31707	4.64786
7.45465	-8.86215	1.77591
8.84116	-6.43597	5.65346
-8.85551	-8.85777	2.82805
-8.84097	-6.42943	4.04907
-4.9449	-8.0651	4.70935
-4.87099	-4.43681	4.01233
-4.76532	-7.13912	7.16586
-3.03262	-5.15333	5.75139
-1.45589	-5.9166	5.06899
-0.52256	-8.86236	3.75722
-0.157022	-7.22951	6.50283
2.70972	-8.8612	4.15097
5.52555	-5.23053	4.51296
5.39739	-4.27343	3.55041
7.97554	-6.30558	6.36949
8.83271	-5.60407	5.58742
8.85528	-8.85886	3.94003
-8.04673	-8.02405	5.04824
-7.37068	-8.86144	3.70841
-6.01221	-8.86107	4.19815
-7.96023	-5.42435	5.12815
-4.82614	-6.06172	2.29955
2.277	-5.36735	6.25712
0.659354	-5.60667	5.49935
-0.805203	-8.86139	4.92797
1.34731	-6.66167	4.33581
1.60285	-8.00246	2.80838
3.11559	-8.86227	2.78205
6.32752	-4.48044	4.88762
7.0853	-4.35158	3.66548
6.53771	-8.86162	2.64982
8.85621	-8.85853	3.45834
-8.82094	-4.72278	4.13237
-8.85292	-7.97882	3.42482
-6.32342	-5.48325	5.2975
-4.1939	-5.96489	4.69639
0.383202	-7.30652	2.25084
-3.78179	-6.72805	5.3509
0.210573	-4.36692	4.37597
1.04327	-5.41517	7.0746
-1.79397	-5.3351	-1.35461
4.71623	-6.44349	6.33475
1.44122	-6.76915	0.045671
6.02356	-5.12036	2.1914
7.16001	-5.34425	4.44924
8.83346	-5.61298	6.39037
8.85274	-7.9818	3.45033
-8.83211	-5.53075	3.32698
-6.92515	-8.85999	2.4922
-5.44333	-8.86176	1.74341
-2.45618	-7.21282	1.23466
-3.00447	-8.86199	2.95939
-0.953006	-8.86219	3.1597
-2.28103	-5.9962	-3.49145
-1.94054	-6.53233	5.37661
0.442968	-8.86129	-0.461685
3.81308	-7.09744	7.155
2.62313	-8.86132	2.28113
5.53898	-7.05644	5.63473
6.57772	-8.86132	0.808257
8.09574	-8.86196	3.45668
8.84129	-6.5294	4.13189
-8.01196	-8.01712	4.32387
-8.0223	-8.86153	3.47388
-3.24978	-8.01541	1.85317
-3.94871	-7.23202	3.3131
-3.97573	-4.3629	3.52319
-1.47087	-4.3045	3.72671
2.31157	-5.39157	5.40281
-1.20502	-8.86082	5.54741
1.38094	-7.99629	1.53316
3.76128	-6.30037	5.49756
3.87625	-5.27768	4.81767
6.68491	-8.86139	3.94759
8.817	-4.55933	1.90842
7.3362	-7.97436	6.98057
7.99304	-7.17458	4.85001
-8.8329	-5.58862	4.87975
-4.73948	-8.0304	1.74563
-6.35206	-6.10313	3.75264
-5.60119	-8.86101	3.05021
-4.65553	-6.63174	4.7421
-1.11102	-5.1743	5.37057
-2.23098	-5.20163	-0.436574
1.59722	-6.31535	6.37984
-0.442896	-5.10732	0.749152
2.88134	-7.1838	4.14361
5.3923	-5.13105	3.59922
4.76711	-7.26836	3.57335
5.87175	-7.99961	1.49516
6.8818	-8.86002	3.22849
8.83449	-5.66652	4.77844
-7.9873	-7.17665	4.82393
-7.17414	-7.11626	4.05064
-5.09835	-7.99326	3.9031
-5.63477	-4.45447	4.54675
-2.21614	-6.01961	3.56466
-1.26564	-8.00346	3.28417
-1.91617	-5.78486	6.09307
0.746202	-8.86168	4.10978
-0.997922	-6.02106	5.93176
2.7977	-4.39976	3.97146
-1.56899	-4.34183	-2.38009
6.4422	-7.99896	5.11296
7.17571	-7.09611	5.55602
7.96843	-6.2964	4.71129
8.81823	-4.70321	4.35368
-8.84713	-7.21379	3.76077
-6.80541	-7.62587	2.65036
-5.83468	-7.9941	3.64392
-5.54807	-7.17961	3.89229
-4.64539	-5.17973	4.64441
-1.65897	-6.50852	4.37999
1.77675	-4.37867	3.97545
0.603977	-8.0234	1.77048
0.47633	-4.34444	1.83364
2.82459	-5.49014	4.75191
4.62489	-6.54528	3.81771
4.23619	-7.2262	2.10376
6.96288	-5.26815	2.58684
7.13855	-6.23988	4.50803
8.85345	-8.03844	4.11446
-8.83383	-5.63263	2.56183
-5.6228	-7.28851	1.86743
-6.38123	-6.70253	3.15103
-2.27961	-7.1847	3.16178
-3.13358	-5.83388	4.00713
-0.637259	-4.31245	4.06114
1.71204	-6.13867	3.7136
2.28263	-8.00196	3.38249
2.98527	-6.3697	4.76453
4.43527	-5.09484	3.95941
0.0967121	-8.03001	0.534605
4.01801	-7.25926	3.91736
5.5654	-8.8614	1.61226
8.00657	-6.34613	3.02052
8.82074	-4.75651	6.65398
-8.81922	-4.71756	4.89886
-7.13566	-5.37126	4.54331
-6.38483	-7.05191	4.40324
-3.14446	-6.79598	2.44082
-3.69099	-5.17023	4.28158
-0.0769182	-6.01983	3.38258
-0.679784	-6.60295	4.28698
0.770933	-8.86151	2.14896
0.535701	-6.15793	2.80316
2.18995	-5.23349	4.19734
3.50003	-5.86829	2.70858
3.78184	-8.00304	3.03949
7.17323	-5.21962	3.47724
7.97996	-6.2974	5.54286
7.97723	-4.46862	3.9864
-7.22496	-4.44643	4.48049
-5.51678	-8.0137	2.23153
-3.80648	-7.2761	2.45882
-1.88062	-7.2306	2.4704
-1.39982	-6.01311	3.33648
-0.272093	-4.28794	2.36221
1.6131	-5.30419	3.41775
0.465766	-8.01386	3.89864
0.900335	-4.38444	3.71837
3.48592	-6.72459	3.92833
1.24958	-7.36258	0.537403
3.98359	-5.95163	3.89512
7.23276	-6.94004	3.23471
6.3777	-6.01966	3.10829
8.81685	-4.62973	3.58873
-7.98501	-7.18643	3.23371
-5.47757	-5.40327	4.72105
-4.3929	-5.25448	3.66615
-3.45127	-5.23753	3.31309
-2.95217	-5.94572	2.96757
-0.893071	-7.03658	1.79249
-1.23317	-5.10771	2.5145
-0.318004	-8.86236	1.26015
0.351194	-8.86208	0.289533
2.09966	-6.48349	4.84083
3.76131	-6.18054	4.67925
4.67145	-7.18966	2.77235
6.41371	-7.15994	4.8166
6.57642	-8.00898	3.59129
4.51587	-4.35208	3.1866
-7.31817	-8.86061	4.4051
-6.71255	-8.86072	3.98927
-3.31469	-8.02131	2.60092
-1.50815	-8.01127	2.52163
-3.52872	-8.86225	3.53368
-1.33102	-8.86183	3.75754
-0.0288756	-5.12569	2.73109
0.563541	-8.86209	4.78271
0.980381	-8.8611	3.40305
2.18627	-8.86146	3.65163
1.89427	-8.01944	2.05072
4.34818	-8.86172	3.10715
4.83245	-8.86193	3.63051
6.22219	-8.86129	3.38079
7.38701	-8.86064	3.77115
-8.8533	-8.85782	4.12528
-7.17193	-8.86082	5.04235
-3.83349	-8.03922	3.27635
-4.89242	-8.86167	3.27508
-3.31729	-8.86172	4.20777
-1.7656	-8.86156	4.28774
-1.49743	-8.8621	4.89787
0.565819	-7.19485	3.16642
0.764207	-7.96115	3.19328
0.366435	-8.02688	5.08676
2.909	-8.86099	3.46047
3.40495	-8.86067	3.96633
5.53692	-8.86202	3.49279
6.35972	-4.46879	5.75271
8.84787	-7.28355	4.34084
-8.85366	-8.85727	3.69474
-6.8279	-8.86073	3.26095
-6.35002	-8.0962	5.63806
-3.62865	-8.04643	4.25913
-2.58309	-5.59011	7.1593
-0.630563	-7.33352	2.4252
-0.182317	-7.30334	4.0635
-0.134952	-8.86169	4.87688
0.734569	-7.25991	4.16232
1.81464	-8.86145	4.98092
4.51397	-5.53233	5.35729
4.02197	-6.08458	6.30512
6.23538	-4.43973	4.02208
6	-8.86074	4.08476
7.98931	-5.41042	4.97984
-8.85258	-8.85752	4.98167
-7.96266	-6.30958	8.01553
-4.55447	-7.99625	3.28991
1.24625	-5.92926	1.75462
-7.1587	-7.09837	6.36544
-4.01429	-7.33321	5.8253
-2.00424	-5.06429	5.39279
0.224784	-8.01837	2.66188
2.12063	-7.10301	7.22031
5.3866	-6.20232	7.11853
5.46307	-5.30053	7.18744
2.44893	-4.39452	-1.14582
8.01957	-7.99737	4.3734
8.09111	-8.86123	5.4453
8.10517	-8.8612	4.71043
-8.85247	-8.85761	4.55238
-8.82011	-4.74467	6.43017
-7.11639	-6.24235	4.65776
-5.56695	-4.38334	6.43179
-3.15779	-4.3477	3.95895
-2.54965	-6.35143	6.36826
-0.641969	-8.03937	2.85775
2.256	-7.17493	8.00237
-0.404516	-7.18939	5.63328
1.40168	-8.05814	3.5589
5.40895	-5.27323	5.41613
5.53321	-4.39042	5.41708
6.47213	-8.02393	4.36389
7.96	-6.34065	7.19703
8.85607	-8.85853	4.42747
-8.85328	-7.98464	4.77221
-8.85456	-8.85781	6.70389
-8.00155	-7.21327	7.21566
-5.52948	-6.25702	5.58704
-5.3726	-8.05368	5.78112
-3.97263	-4.29866	5.3326
-2.38078	-5.15936	6.43967
2.80931	-5.40165	7.16038
1.38332	-5.19303	5.28609
1.24703	-7.11896	7.24119
4.7382	-4.46816	6.60063
4.63629	-4.26172	4.06767
7.22092	-4.45734	6.29171
8.04154	-8.86127	6.11513
8.85635	-8.85853	5.40759
-8.85314	-7.98866	4.10111
-8.84704	-7.20619	4.46582
-4.76518	-7.94998	2.49994
-2.01665	-7.98475	3.24811
-3.17297	-4.3037	4.86178
-2.23327	-8.86258	4.86864
-5.7592	-4.49505	7.2534
-0.107496	-8.00574	3.40935
2.97806	-4.54155	5.63779
0.971433	-8.8611	5.35351
5.52221	-6.28919	6.2867
3.99614	-7.15915	4.72199
5.31637	-8.86115	4.18872
7.25648	-7.98666	4.04169
8.85693	-8.85843	4.92236
-8.84677	-7.19835	5.16648
-8.005	-8.86172	5.37026
-6.38087	-7.19463	5.26952
-7.973	-7.17504	6.40913
-5.11061	-5.20753	6.42122
-2.23909	-7.20995	6.41586
-3.69086	-4.36689	6.1044
2.89191	-4.48121	4.81517
2.32518	-4.37448	2.29807
1.77027	-4.33333	0.534819
4.8529	-8.02705	6.60517
4.59207	-8.8618	2.44505
7.15395	-6.24539	5.4011
8.03936	-8.01266	6.50745
8.85335	-8.01207	4.79132
-8.84084	-6.41108	4.8331
-8.85303	-7.98696	6.11457
-7.19504	-7.17223	7.16375
-5.07354	-8.8613	4.98606
-3.98649	-7.3205	4.86955
-2.99853	-7.2158	4.8641
-0.220581	-7.18882	7.97946
-2.16769	-4.25302	5.1243
-0.526428	-7.19544	7.2176
2.52129	-8.8616	4.85656
2.2722	-6.8594	3.60345
4.44053	-8.04196	3.66144
7.95028	-5.40753	5.94292
7.21192	-7.13071	6.3582
8.84723	-7.23164	5.81389
-8.84114	-6.41387	5.61976
-7.25808	-7.97495	6.64758
-7.17316	-7.11379	4.83
-4.34787	-8.01095	4.0781
-3.70866	-8.04066	5.70647
-0.964263	-7.98618	4.60008
-2.19159	-7.18319	7.1887
1.21114	-4.378	5.62044
1.49636	-7.17073	6.48804
2.19156	-7.07342	5.70473
4.02169	-7.98067	6.03132
4.76439	-7.1889	5.45639
6.32533	-6.35364	5.55301
7.22057	-7.97172	4.77933
8.03882	-4.46861	5.67644
-8.83314	-5.60626	4.10117
-7.9818	-6.3394	5.62212
-5.63431	-7.1505	4.7269
-4.46346	-8.86293	4.7146
-2.32816	-8.01966	6.53491
-1.63187	-8.00061	3.96685
-0.324941	-7.25256	4.85612
-0.453227	-5.96451	5.12353
1.07144	-6.41232	5.4817
3.08209	-7.2145	7.99904
2.0226	-7.25368	4.2518
3.59932	-7.99997	4.74514
3.73713	-7.99393	3.90245
7.19067	-7.08792	4.74702
8.84104	-6.4628	4.87911
-7.12313	-5.37618	5.43536
-7.22585	-7.97794	3.90865
-5.54939	-7.12514	5.52056
-6.14831	-7.54734	6.06693
-4.67633	-6.81964	6.37398
0.114695	-6.31351	7.1844
-1.39193	-6.04963	6.86776
0.510783	-5.27192	6.29109
0.613575	-7.28534	4.98344
1.24967	-8.86232	4.62102
3.93454	-7.11191	5.56881
4.19929	-7.96668	5.3249
6.28526	-8.8606	5.33644
7.06007	-7.29557	1.69992
8.00059	-8.00678	5.79563
-8.81934	-4.73074	5.65326
-7.14424	-6.27909	3.7878
-5.43873	-6.29689	4.74517
-4.84256	-7.27418	4.33541
-0.465253	-4.33451	5.06262
-1.31787	-4.27499	5.62472
0.326852	-6.68318	3.79699
1.41431	-5.42592	6.17192
1.01789	-8.01962	2.37032
0.776577	-6.25106	6.34018
3.46497	-7.20769	2.34333
2.57274	-5.3044	3.3841
4.99312	-8.0205	5.1451
4.49592	-8.01697	1.93324
8.82038	-4.73745	5.89589
-7.95953	-5.43607	6.06424
-6.4407	-4.39526	5.9188
-4.61221	-6.69626	3.78562
-2.58257	-5.12787	3.73336
-0.677257	-5.20236	3.6247
-2.15857	-5.75751	4.40306
0.0853749	-6.34401	5.58171
1.84978	-6.17806	5.55303
1.95935	-7.31612	3.07579
1.57848	-7.24129	1.85847
2.40568	-8.01594	2.58834
2.89602	-5.14692	1.69163
5.86164	-8.01233	2.40495
5.70036	-7.98377	4.89657
8.01305	-4.45618	4.82532
-6.33622	-6.39696	5.50265
-4.72829	-5.94216	5.43708
-3.43476	-6.55332	3.34976
-2.75797	-5.10144	4.70582
-3.24065	-5.96385	4.9055
-2.47782	-5.79419	5.36499
2.0937	-4.45084	5.68011
2.43424	-6.27489	6.34934
3.18397	-7.22487	6.42292
3.32741	-5.46048	5.49811
3.24735	-7.18547	4.86256
4.01131	-7.10614	6.35539
3.12763	-5.9897	3.63391
5.16929	-8.02048	3.43023
6.28599	-5.4246	4.93782
-8.01581	-8.86116	4.12391
-5.87344	-8.8619	4.87209
-4.70236	-8.86171	3.99592
-4.02737	-8.86173	4.12789
-3.0028	-8.86126	4.83215
-0.730858	-8.05951	3.89459
-0.874051	-8.86043	6.15382
0.287627	-8.86088	5.47295
1.18233	-8.86112	6.14142
1.60557	-7.97222	4.25677
3.19314	-8.86148	4.67227
3.90788	-8.86157	4.46983
5.08213	-8.86205	2.94917
6.52163	-8.86155	4.63948
7.22309	-8.86022	4.42107
-7.97157	-8.86153	4.75892
-6.57616	-8.86016	4.67685
-4.52847	-8.07476	6.53903
-2.87476	-8.04963	5.72969
-4.44634	-5.3503	7.16038
-1.93006	-8.86185	5.512
-2.62559	-7.1879	7.98239
-0.15977	-8.86112	6.14259
0.909135	-6.39387	8.84115
2.30135	-8.86056	5.5618
3.83281	-4.48001	8.11981
4.41496	-8.8613	5.00309
2.47134	-8.07896	1.52668
5.14044	-8.02285	2.58653
7.53477	-8.86035	4.98975
-8.85386	-8.85771	6.27118
-7.36568	-8.86044	6.31622
-5.42425	-8.86171	3.73094
-2.73292	-6.64556	3.82097
-2.23613	-7.2659	5.63136
-1.59955	-8.86164	6.14837
0.549785	-6.34903	7.99057
1.57481	-8.861	5.59867
-0.199127	-4.47848	6.85056
0.525322	-7.978	5.77493
4.86228	-7.99533	5.88316
5.43332	-4.33947	4.50159
4.67792	-6.36785	5.48984
8.82256	-4.80688	7.42537
8.85268	-8.01382	7.44502
-8.85334	-8.85797	5.40968
-6.71441	-8.86139	5.98666
-5.29016	-8.86198	4.37575
-8.821	-4.72223	7.2345
-2.66212	-8.86194	5.45443
-4.32638	-8.02943	8.04216
-5.62841	-4.38047	5.50378
0.17652	-8.03198	6.53529
2.43376	-4.47913	7.3434
7.20416	-7.22559	7.96411
5.75246	-5.36731	6.34755
5.31107	-7.96334	7.23173
4.62604	-8.8613	4.3221
6.92763	-8.86017	5.22609
8.85567	-8.8583	6.37838
-8.8531	-8.85722	5.8376
-6.03495	-8.86097	5.97972
-6.44893	-8.86197	5.3425
-2.49281	-8.04873	3.92044
-6.52311	-4.44895	6.88754
-2.835	-4.29199	5.67248
-1.96468	-6.30829	7.95472
1.91158	-5.39172	7.0837
4.59806	-5.39372	7.02692
0.92047	-4.47821	8.09864
4.91261	-5.47509	6.21968
4.197	-8.86047	7.47657
5.81131	-8.86065	4.76149
5.61721	-8.86011	5.44849
8.81584	-4.75396	8.17187
-8.84172	-6.48117	8.00749
-8.84731	-7.17895	7.29072
-7.97618	-7.20338	5.61314
-6.14372	-5.18582	6.23613
-4.50884	-5.98396	6.34509
-1.99876	-8.86175	6.77354
-2.3332	-4.42454	8.12279
2.16508	-4.44606	6.52933
-0.250868	-7.2404	8.84674
2.69538	-8.86158	6.14202
5.49355	-5.50491	7.98752
6.18521	-4.48654	7.39861
5.61414	-7.137	4.87481
8.0784	-8.86161	6.75729
8.85601	-8.85863	6.86584
-8.85298	-7.98261	5.44807
-8.84266	-6.91489	8.84281
-6.80389	-8.86112	6.72648
-6.50303	-4.71678	8.81457
-3.04503	-8.86113	7.3688
-1.67378	-8.86051	7.41948
-1.35699	-8.01222	5.26964
-0.644922	-8.86168	8.06783
2.97714	-5.43028	7.97964
1.11883	-8.86016	7.39948
0.9423	-7.97729	6.51684
4.24133	-8.8602	5.6657
4.93646	-8.86112	5.55551
8.84744	-7.23179	6.53815
8.84118	-6.43536	6.4279
-8.84119	-6.42811	6.41145
-7.14645	-5.4165	7.13179
-5.60268	-8.86232	5.48076
-7.10154	-5.26945	6.27548
-2.3199	-8.862	6.10795
-2.06516	-4.33438	6.18026
-5.70693	-7.16	7.96501
-0.561568	-6.39987	8.8402
2.02931	-8.00263	8.85358
1.72501	-8.0071	6.50592
1.39993	-6.30255	7.97758
7.15521	-6.38792	7.96796
5.46654	-8.86004	6.13025
6.41641	-8.00627	5.85587
8.84781	-7.28493	8.02363
-8.84635	-7.20678	5.86858
-8.02541	-8.0113	6.47363
-7.18666	-7.99789	7.34458
-5.48491	-8.86068	6.78242
-3.96672	-5.23901	6.31763
-3.6353	-6.3052	7.96732
-3.43738	-5.27316	7.07159
0.336194	-5.47384	7.98136
-0.260216	-7.9766	5.88479
1.80645	-8.00405	8.02969
2.0244	-7.95061	5.76741
7.21897	-5.34986	7.12464
6.77347	-7.96315	7.36727
7.43542	-8.86013	5.7347
8.85535	-8.85814	5.89237
-8.83319	-5.61396	6.4676
-7.98378	-6.34135	7.23472
-6.47238	-7.95061	4.91459
-7.1009	-6.3044	7.99166
-3.74335	-8.04261	6.50283
-3.39799	-7.1974	8.00612
-1.89281	-4.37761	7.08011
0.447333	-7.22635	8.84707
2.54624	-8.01161	8.01043
2.89285	-7.97731	7.22114
6.34187	-6.29386	7.99959
5.65203	-7.95448	5.69331
5.67388	-8.01116	6.44177
8.83415	-5.65181	7.21218
8.84085	-6.46146	7.20946
-8.18458	-4.48182	7.65285
-6.28803	-5.99624	6.30356
-6.44307	-8.01927	6.58701
-5.63235	-8.05218	6.49797
-3.5402	-8.02885	8.04968
-1.85706	-7.20015	8.00251
-0.99213	-7.97627	7.29646
3.3573	-4.47208	7.30954
0.615044	-7.19335	7.9952
4.70825	-4.46591	5.75968
4.25863	-4.46829	7.32412
5.04442	-7.98349	4.27243
4.8225	-7.2914	4.59625
7.47984	-8.8606	7.09062
8.8463	-7.23622	7.26561
-8.83286	-5.59707	5.67259
-6.51728	-8.00099	4.1642
-4.84292	-7.48419	5.24363
-3.09576	-7.34334	4.03967
-3.88965	-7.01165	7.29036
-3.72544	-6.50106	6.35243
-2.05449	-6.35628	7.13739
-0.724738	-6.32356	7.11057
2.25244	-6.31415	7.98131
2.49262	-7.99888	6.50785
2.97333	-7.27013	3.31933
6.494	-8.02747	6.59515
6.34984	-6.31896	6.37827
4.1177	-8.86151	3.79337
7.2	-7.95844	5.49839
-8.83242	-5.55482	7.26065
-6.38021	-7.28044	3.65258
-5.54936	-6.94832	6.34933
-5.49397	-6.35631	7.17948
-7.14167	-7.14883	5.61182
-0.461265	-4.38632	5.98445
0.159259	-5.41726	7.14932
-0.03501	-6.18466	6.37218
-0.6882	-6.71629	6.25568
3.88036	-6.38322	7.98024
4.53615	-6.26934	7.1695
3.63005	-7.98036	7.31112
7.09179	-5.38401	6.25385
4.79279	-5.64547	4.52212
7.98749	-6.35015	7.99702
-7.22035	-4.43914	5.3948
-7.15981	-6.27151	5.51379
-1.601	-5.16045	3.4636
-1.10001	-7.29558	3.90531
-1.32205	-7.25623	5.59025
-1.25512	-7.27282	6.47556
-1.36152	-7.05686	7.21393
0.368564	-7.13849	7.22141
0.660084	-7.11232	6.46562
2.40059	-7.25844	4.9883
2.14195	-8.02051	4.97701
1.4346	-7.18637	4.94439
5.62657	-7.17178	6.41995
5.72955	-8.00212	4.07214
7.19038	-4.45823	5.39692
-7.33422	-8.86124	5.64125
-3.38414	-7.98572	5.00574
-3.18809	-8.01658	3.60934
-3.81799	-5.99976	5.65574
-3.71183	-5.18651	5.20862
-3.17399	-5.77853	6.29701
-2.39497	-5.40143	7.97761
3.12711	-5.44504	6.32424
2.80864	-6.28173	5.5757
2.98149	-7.12167	7.21458
4.03027	-7.96635	6.73468
2.49246	-6.19747	4.10712
4.46736	-7.98755	2.81892
6.34128	-6.29423	4.72478
6.36424	-7.1946	5.64424
-8.01911	-8.86099	6.02613
-6.14504	-8.86101	6.62766
-4.16779	-8.86267	5.39942
-3.74922	-8.86232	6.02702
-3.407	-8.86161	5.41934
-1.28981	-8.86082	6.78259
-0.480763	-8.01255	5.20073
0.443429	-7.12256	5.73484
0.526729	-8.86165	6.08807
0.890024	-8.03227	4.49083
2.96971	-8.86144	5.42466
3.69555	-8.86098	5.13746
4.05557	-8.86034	6.33187
6.70677	-8.86172	6.72025
7.3334	-8.86032	6.4314
-7.4732	-8.86097	7.02577
-4.80337	-8.86047	6.70578
-4.45209	-8.86207	6.11017
-5.4144	-6.07048	6.38223
-2.3057	-8.01925	5.24839
-3.11272	-7.09449	6.41445
-1.04972	-7.98403	5.94476
1.20645	-5.4101	7.94351
-0.105015	-8.03064	4.45469
1.95992	-8.86057	6.18729
1.38218	-8.01635	5.06486
7.17019	-5.37606	5.33124
3.5258	-8.86055	5.78089
5.11798	-8.86095	4.87084
6.78747	-8.86094	5.98235
-8.85449	-8.85804	7.9929
-4.84603	-8.8603	5.59
-7.55383	-4.47287	8.18865
-3.36855	-8.8611	6.68961
-3.03328	-8.86178	6.06053
-2.36248	-8.86118	7.40723
-0.589218	-8.86064	6.79194
0.109712	-8.8618	6.78241
0.0514814	-8.86192	8.06766
1.51687	-8.86051	6.77129
1.80856	-8.8601	7.41184
3.3333	-8.8606	6.39724
6.80516	-4.47391	8.03179
3.41182	-7.97423	5.5497
8.85534	-8.85876	7.34562
-8.03306	-8.03784	7.99738
-8.05711	-8.86148	6.69704
-5.36775	-8.86161	8.06347
-4.06413	-7.9526	7.31018
-7.13862	-6.17612	6.34699
-2.60183	-8.85834	8.85507
-1.52963	-5.56669	8.83336
-2.00105	-6.41766	8.83997
1.64957	-6.36471	8.84038
2.51369	-8.86006	7.44838
5.50994	-5.72518	8.8351
4.74512	-8.86145	8.06779
2.86138	-8.03463	4.86603
8.04203	-8.86273	8.07366
8.84784	-7.57207	8.84789
-8.85387	-8.85801	7.56767
-8.82016	-4.75614	8.12517
-6.39061	-8.86084	7.3174
-6.07445	-5.44107	7.97325
-4.43748	-7.26035	8.84827
-2.01649	-8.86162	8.06455
-2.00012	-8.00682	8.85347
-0.323813	-6.35863	7.97638
1.81221	-5.51163	8.83267
0.805249	-8.86064	6.75827
2.23385	-8.86056	6.78844
6.23308	-6.27933	7.19018
4.51858	-8.86076	6.87454
8.05275	-8.86178	7.45324
8.85512	-8.8588	7.83205
-8.83301	-5.66113	8.01633
-5.64324	-7.99773	5.14033
-7.34121	-8.85872	8.85553
-6.04941	-8.86151	8.04994
-6.47884	-6.40981	8.84036
-2.58799	-8.01414	7.29468
-1.63926	-7.22012	8.84775
-1.12502	-8.01881	8.03288
0.642709	-7.9658	7.24896
2.53152	-7.28862	8.84763
7.19062	-5.26115	8.83053
6.06122	-8.86128	8.02349
7.40435	-8.86158	8.01376
6.14491	-8.86111	6.0304
8.85282	-8.02506	8.10199
-8.85281	-7.98172	6.78563
-8.01415	-8.86152	7.41348
-5.74869	-8.86108	7.42104
-4.80546	-7.97728	7.2372
-2.79353	-6.3279	7.9711
-3.71358	-8.86062	7.35899
-1.32488	-8.00643	8.85348
-1.16141	-6.33939	7.90935
0.430887	-8.86071	7.41193
6.3295	-5.51885	8.83168
2.08131	-8.86092	8.06327
3.37953	-8.04401	8.85314
7.27063	-6.76821	8.84382
8.10688	-7.97414	8.85284
8.00678	-8.00792	5.09062
-8.84755	-7.23582	8.03515
-7.33512	-4.47674	7.26201
-7.41086	-8.86213	8.0525
-5.77805	-8.01213	8.01716
-5.42092	-8.01544	8.85343
-5.60093	-5.59353	8.83339
-2.9876	-6.40071	7.15232
-1.91998	-8.03309	8.04535
4.845	-6.44556	8.84176
3.00579	-6.732	8.8433
7.23954	-8.03313	7.99692
5.38041	-8.01429	8.85324
6.71277	-8.8616	8.08369
8.84272	-6.53635	8.00488
8.83589	-5.70905	8.00889
-7.24166	-7.97206	4.65334
-7.99746	-8.02133	5.77809
-7.2167	-7.15915	7.98569
-7.27868	-7.23488	8.84782
-3.04133	-7.21456	8.84795
-4.19517	-7.19111	8.00145
-1.01938	-4.73475	8.82126
-0.229075	-8.858	8.85499
-0.661669	-7.98755	6.61295
2.75894	-8.86118	8.06671
2.73617	-8.00956	5.73513
8.00109	-7.23394	8.01618
5.66628	-8.86021	7.36838
7.99168	-8.04873	8.01558
8.85297	-8.00896	5.45446
-7.01631	-5.43682	7.96889
-5.29574	-8.86091	6.14803
-7.23329	-5.61667	8.83395
-4.5462	-8.04353	5.72618
-6.31468	-6.32502	7.14272
-1.8003	-7.95765	7.31527
1.31229	-4.49502	6.46761
-0.654667	-8.00739	8.85356
1.44096	-7.17452	8.00403
1.38085	-7.99177	8.85342
6.38147	-7.17371	8.01774
3.30473	-8.02185	8.01869
7.99487	-5.61036	8.83215
8.01343	-8.00812	7.28118
8.85369	-8.01346	6.11747
-8.84154	-6.38795	7.20542
-5.14563	-7.26217	8.84721
-7.99772	-7.20268	8.00906
-4.73006	-8.02594	8.85388
-3.03296	-7.95412	6.47168
-4.56248	-5.11879	5.6102
-1.908	-8.00957	5.90327
-1.05729	-7.19414	7.99757
1.24885	-8.00424	5.77341
4.7226	-7.18824	8.0049
5.54385	-7.23485	7.97264
5.74956	-7.27531	8.84708
6.42505	-8.0154	8.05747
7.95885	-7.18664	7.22705
8.06597	-4.5043	7.39997
-8.84642	-7.20911	6.57811
-5.536	-7.99733	7.22317
-5.36343	-6.30148	7.99939
-4.18641	-5.41231	7.96326
-4.95677	-7.1587	7.96681
-2.68902	-8.86093	6.72712
-1.46894	-5.48238	7.96175
-0.370826	-8.01634	8.03154
1.08394	-8.01645	8.01716
2.38218	-6.28411	8.84021
3.06973	-6.35278	7.96145
2.14773	-7.95958	7.26196
3.06853	-7.96467	4.05572
6.25772	-7.13003	7.24083
8.85305	-8.00872	6.78821
-8.06347	-4.49467	6.6942
-5.77434	-7.99466	4.43088
-3.991	-7.28608	6.60892
-3.75562	-8.86238	4.80862
-4.85409	-4.32314	4.99864
-3.29878	-5.43448	7.93881
-1.70795	-5.26776	7.18348
0.652867	-4.46808	7.15115
2.08359	-5.41592	7.95825
4.62846	-5.41393	7.92773
5.51964	-6.41246	7.95884
2.33696	-8.0268	4.09925
2.35219	-7.15314	6.45803
6.42961	-7.19123	6.45898
8.01349	-4.49761	6.55881
-7.25016	-4.3772	6.32247
-6.50892	-7.99512	8.04395
-4.21305	-8.06748	4.97545
-3.34364	-7.99759	7.27453
-3.04857	-7.22078	7.19222
-0.93769	-6.6416	5.19911
-0.449813	-8.86057	5.5402
0.996917	-6.27934	7.1769
1.40432	-7.97869	7.24532
2.79559	-6.27264	7.14097
3.73552	-5.33837	7.03048
4.3365	-8.03155	4.54931
4.61874	-7.12547	7.18483
6.01671	-7.97804	7.22551
4.7612	-8.86053	6.22248
-7.07173	-7.95801	5.99998
-5.00011	-7.59182	6.31546
-4.69191	-6.79627	5.5982
-2.76307	-8.01977	4.61776
-3.10815	-7.28831	5.65116
-1.53111	-8.01725	6.62744
-0.460442	-5.42471	6.36469
1.90238	-6.26045	7.18133
3.67351	-6.23593	7.16155
1.36213	-7.16512	5.71092
3.26518	-8.01433	6.43646
3.07051	-7.14657	5.64354
3.29123	-6.39996	6.3427
6.34899	-5.43404	5.80342
7.22458	-7.98448	6.21854
-7.04503	-8.86113	7.49868
-8.02966	-8.86175	8.04425
-4.06304	-8.86237	6.71227
-4.38037	-8.86071	7.36342
-4.02902	-8.86162	8.04253
-2.70068	-8.8615	8.05457
-0.977906	-8.86036	7.42705
-0.140611	-8.00517	7.27792
0.363776	-8.01421	8.02587
0.733398	-8.86147	8.05629
2.91179	-8.8602	6.88964
3.30458	-8.86071	7.45341
3.75557	-8.86029	6.98127
5.99345	-8.86104	6.69405
6.99006	-8.86065	7.45918
-8.85326	-8.85741	7.13543
-6.69762	-8.86148	8.07553
-5.04502	-8.86082	7.39835
-4.69381	-8.86155	8.04917
-3.36702	-8.86142	8.04386
-2.34276	-5.58459	8.83347
-3.74057	-4.43744	7.20776
0.167826	-6.42513	8.84134
3.21569	-4.6728	8.8194
4.93411	-4.61183	8.81614
3.42353	-8.86182	8.07078
4.29786	-7.26096	8.84694
4.9647	-8.86066	7.42514
5.26527	-8.86107	6.78519
7.87249	-8.85897	8.85529
-8.85448	-8.14366	8.85571
-8.86107	-8.86065	8.44345
-6.34683	-7.99563	7.30544
-6.45144	-7.13903	7.95183
-4.78526	-5.6356	8.83391
-2.34516	-7.22424	8.84779
-1.65356	-8.85809	8.8553
-0.274991	-8.86097	7.43448
1.19362	-8.85775	8.85498
1.40838	-8.86124	8.06088
5.6398	-6.49844	8.84179
5.32162	-4.40424	7.25044
6.71121	-8.02699	8.85293
6.92333	-8.85878	8.85499
8.86637	-8.85774	8.86407
-8.29235	-8.86007	8.86137
-7.81935	-8.85848	8.85507
-6.39474	-8.8578	8.85544
-4.97196	-8.85838	8.85468
-3.55037	-8.85827	8.85455
-3.35173	-8.0092	8.85371
-1.17639	-8.85815	8.85533
-1.33198	-8.86153	8.06712
0.721998	-8.85858	8.85545
2.61741	-8.85863	8.85567
3.58535	-8.85923	8.85706
4.06845	-8.86121	8.08288
5.96752	-8.8588	8.85491
7.16285	-7.44333	8.84807
8.86035	-8.8609	8.32042
-8.837	-6.26528	8.83707
-8.83124	-5.57368	8.83188
-8.02682	-6.49604	8.84275
-4.02155	-8.859	8.85505
-3.07548	-8.85819	8.85472
-2.13069	-8.85835	8.8554
-0.702385	-8.85855	8.85567
0.249145	-8.8582	8.85503
1.85181	-7.14395	8.84652
2.14504	-8.85834	8.85565
3.09761	-8.85927	8.85624
4.06612	-8.85855	8.85743
8.81966	-4.92481	8.82081
7.39453	-8.86026	8.85424
8.85496	-8.1797	8.85527
-8.85306	-7.97847	7.44188
-8.86279	-8.85636	8.87502
-6.76542	-8.00412	8.85391
-5.44758	-8.85878	8.85524
-4.03526	-8.01587	8.85384
-2.73954	-6.40101	8.84049
-1.81083	-4.72621	8.81884
-1.27604	-6.38486	8.83858
1.6698	-8.85784	8.85509
2.67348	-5.45408	8.83251
2.70391	-8.01627	8.85321
5.02317	-8.85845	8.85546
6.44169	-8.85877	8.85525
8.35384	-8.86034	8.86044
8.84244	-6.95369	8.84261
-8.81789	-4.86859	8.81862
-6.8722	-8.85837	8.85567
-6.09412	-8.00428	8.85339
-4.49392	-8.85861	8.85476
-3.97902	-5.58033	8.83327
-3.78418	-6.11583	7.11397
-0.694063	-5.55372	8.83397
-0.943052	-7.20647	8.84679
-0.620234	-4.47127	8.1834
4.11465	-8.02088	8.01849
4.21023	-5.99819	8.83656
4.5432	-8.85842	8.85611
6.4142	-6.34285	8.84132
6.33449	-8.86074	7.32917
8.83794	-6.30764	8.83706
-8.84768	-7.54204	8.84793
-7.92577	-5.41075	7.92026
-8.10163	-8.019	8.8529
-3.737	-7.22647	8.84802
-6.42414	-5.57536	8.83369
-3.48122	-6.40019	8.84035
-2.73737	-8.02496	8.04791
-1.30825	-5.12748	6.30774
3.74023	-5.3064	8.83041
3.87442	-6.68764	8.84314
4.92566	-8.01695	8.03053
4.0577	-8.00303	8.85227
6.45369	-7.14039	8.84674
8.03395	-6.44787	8.84212
7.99489	-5.46899	6.89468
-7.96837	-5.43554	7.00048
-7.43972	-8.0104	8.85402
-5.91868	-8.8581	8.85522
-5.85144	-7.22147	8.84636
-4.21595	-6.43771	8.8412
-5.1166	-5.40984	7.97505
-1.52148	-4.50349	7.97177
0.0314469	-8.01523	8.85376
1.14987	-7.21994	8.84709
3.91014	-7.2307	7.97023
4.76675	-5.43381	8.83172
6.05629	-7.9988	8.85378
5.50078	-8.85843	8.85499
4.71933	-8.00932	8.85247
7.74554	-4.48883	8.12322
-7.13891	-6.32618	7.17131
-8.85308	-7.98197	8.09715
-8.00504	-5.64333	8.83322
-8.12812	-4.75358	8.81753
-5.72401	-6.41669	8.8408
-2.67571	-8.0047	8.85328
-3.4156	-4.71937	8.81966
-0.744248	-5.36186	7.18667
0.980057	-5.55783	8.83318
0.710991	-8.01099	8.85375
4.70831	-6.32352	7.98629
6.48282	-4.62016	8.81669
7.18222	-6.03755	8.83764
7.45597	-8.07119	8.85282
8.83113	-5.62403	8.83163
-7.27126	-8.00599	8.05453
-8.03162	-7.26992	8.84826
-6.5564	-7.21947	8.84632
-4.96734	-6.46907	8.84186
-4.64617	-6.27072	7.18306
-3.16262	-5.57355	8.83242
-2.68163	-4.54114	7.34875
1.44721	-4.7099	8.82007
2.34418	-4.67425	8.82024
4.20407	-4.62212	8.81783
3.43505	-7.35213	8.84773
5.01772	-7.21374	8.84697
8.01287	-7.23509	8.84795
8.11859	-4.71567	8.82167
7.16836	-5.47673	7.94855
-6.23775	-6.29853	7.97216
-7.24599	-6.44802	8.84197
-5.90456	-4.46508	8.09209
-4.15998	-4.48002	7.96119
-5.02859	-4.43951	8.09959
-4.89166	-4.77436	8.82243
-0.134657	-4.73975	8.81823
0.138741	-5.58783	8.8347
0.616066	-4.72948	8.81868
3.29357	-5.99793	8.83701
7.26616	-4.47845	8.81519
5.68257	-8.0302	8.01145
5.40955	-8.86132	8.05185
7.11556	-7.11638	7.16541
6.41912	-4.50598	6.62285
-8.02349	-8.03257	7.23105
-6.69248	-4.52214	7.88653
-5.42137	-5.44606	7.19166
-7.25371	-4.76534	8.82271
-4.88497	-4.46994	7.27386
-4.14635	-4.70511	8.81687
-2.63261	-4.73051	8.82103
0.0981012	-4.53484	7.82613
1.90036	-4.45311	8.14976
2.87594	-4.46075	8.11668
3.81098	-5.45373	7.91
5.69393	-4.83574	8.82563
7.99979	-5.44755	7.89426
6.3347	-5.3851	7.91421
7.10926	-6.274	7.13603
-7.96769	-6.32567	6.43245
-6.39171	-6.86712	6.31634
-5.50941	-5.2973	5.56341
-5.70985	-4.74609	8.82174
-4.40085	-4.39961	6.64085
-3.2795	-4.48146	8.03582
-3.01075	-4.43534	6.59066
-0.900155	-4.44681	7.34746
1.51708	-4.48158	7.36342
3.84193	-4.40291	6.42736
4.843	-4.49707	7.99441
5.74318	-4.45849	8.12687
5.56609	-4.44024	6.32619
4.53285	-7.97339	7.33893
7.18104	-4.45139	7.22644
-6.39809	-7.20734	7.09585
-6.29016	-5.3982	7.12871
-5.60383	-7.20752	7.11998
-5.06405	-8.01151	8.02399
-4.49058	-6.30144	7.9913
-1.18301	-4.28745	6.55551
-0.568322	-5.4827	7.98119
0.424486	-4.3786	6.20038
4.03886	-5.22146	6.06144
3.0228	-4.46952	6.48468
3.8124	-4.44226	5.49268
6.37771	-5.44347	6.98317
4.8058	-7.25221	6.33417
5.4149	-7.08234	7.16888
7.15907	-6.25645	6.27944
